0,180,10,-90,9
0,180,10,-90,42
0,180,10,-90,75
0,180,10,-90,108
0,180,10,-90,141
0,180,10,-90,174
0,180,10,-90,207
0,180,10,-90,240
0,180,10,-90,273
0,180,10,-90,306
0,180,10,-90,339
0,180,10,-90,372
0,180,10,-90,405
0,180,10,-90,438
0,180,10,271,471
0,180,10,272,504
0.0101548958922,180,10,273,537
0.0755524360497,180,10,274,570
0.195989825619,180,10,275,603
0.371213764175,180,10,276,636
0.600920574358,180,10,277,669
0.88475635612,180,10,278,702
1.22231716652,180,10,279,735
1.61314922496,180,10,280,768
2.05674914383,180,10,281,801
2.55256418442,180,10,282,834
3.09999253798,180,10,283,867
3.69838363185,180,10,284,900
4.34703846052,180,10,285,933
5.04520994145,180,10,286,966
5.79210329552,180,10,287,999
6.58687645191,180,10,288,1032
7.42864047737,180,10,289,1065
8.31646002945,180,10,290,1098
9.2493538338,180,10,291,1131
10.226295185,180,10,292,1164
11.2462124712,180,10,293,1197
12.3079897215,180,10,294,1230
13.4104671769,180,10,295,1263
14.5524418839,180,10,296,1296
15.7326683103,180,10,297,1329
16.9498589837,180,10,298,1362
18.202685152,180,10,299,1395
19.4897774651,180,10,300,1428
20.8097266786,180,10,301,1461
22.1610843785,179.948248286,10,302,1494
23.5423637265,179.840070366,10,303,1527
24.9520402259,179.674144082,10,304,1560
26.3885525077,179.449183544,10,305,1593
27.8503031365,179.163940017,10,306,1626
29.3356594362,178.817202781,10,307,1659
30.8429543339,178.407799977,10,308,1692
32.3704872238,177.934599441,10,309,1725
33.9165248486,177.396509508,10,310,1758
35.4793021992,176.792479809,10,311,1791
37.0570234321,176.121502038,10,312,1824
38.6478628038,175.382610711,10,313,1857
40.2499656226,174.574883895,10,314,1890
41.8520684413,173.767157078,10,314,1923
43.45417126,172.959430261,10,314,1956
45.0562740787,172.151703444,10,314,1989
46.6583768974,171.343976628,10,314,2022
48.2604797161,170.536249811,10,314,2055
49.8625825348,169.728522994,10,314,2088
51.4646853535,168.920796177,10,314,2121
53.0667881722,168.113069361,10,314,2154
54.6688909909,167.305342544,10,314,2187
56.2709938096,166.497615727,10,314,2220
57.8730966283,165.689888911,10,314,2253
59.475199447,164.882162094,10,314,2286
61.0773022657,164.074435277,10,314,2319
62.6794050844,163.26670846,10,314,2352
64.2815079031,162.458981644,10,314,2385
65.8836107218,161.651254827,10,314,2418
67.4857135405,160.84352801,10,314,2451
69.0878163592,160.035801193,10,314,2484
70.689919178,159.228074377,10,314,2517
72.2920219967,158.42034756,10,314,2550
73.8941248154,157.612620743,10,314,2583
75.4962276341,156.804893926,10,314,2616
77.0983304528,155.99716711,10,314,2649
78.7004332715,155.189440293,10,314,2682
80.3025360902,154.381713476,10,314,2715
81.9046389089,153.573986659,10,314,2748
83.5067417276,152.766259843,10,314,2781
85.1088445463,151.958533026,10,314,2814
86.710947365,151.150806209,10,314,2847
88.3130501837,150.343079392,10,314,2880
89.9151530024,149.535352576,10,314,2913
91.5172558211,148.727625759,10,314,2946
93.1193586398,147.919898942,10,314,2979
94.7214614585,147.112172125,10,314,3012
96.3235642772,146.304445309,10,314,3045
97.9256670959,145.496718492,10,314,3078
99.5277699146,144.688991675,10,314,3111
101.129872733,143.881264858,10,314,3144
102.731975552,143.073538042,10,314,3177
104.334078371,142.265811225,10,314,3210
105.936181189,141.458084408,10,314,3243
107.538284008,140.650357591,10,314,3276
109.140386827,139.842630775,10,314,3309
110.742489646,139.034903958,10,314,3342
112.344592464,138.227177141,10,314,3375
113.946695283,137.419450324,10,314,3408
115.548798102,136.611723508,10,314,3441
117.15090092,135.803996691,10,314,3474
118.753003739,134.996269874,10,314,3507
120.355106558,134.188543057,10,314,3540
121.957209377,133.380816241,10,314,3573
123.559312195,132.573089424,10,314,3606
125.161415014,131.765362607,10,314,3639
126.763517833,130.957635791,10,314,3672
128.365620651,130.149908974,10,314,3705
129.96772347,129.342182157,10,314,3738
131.569826289,128.53445534,10,314,3771
133.171929107,127.726728524,10,314,3804
134.774031926,126.919001707,10,314,3837
136.376134745,126.11127489,10,314,3870
137.978237564,125.303548073,10,314,3903
139.580340382,124.495821257,10,314,3936
141.182443201,123.68809444,10,314,3969
142.78454602,122.880367623,10,314,4002
144.386648838,122.072640806,10,314,4035
145.988751657,121.26491399,10,314,4068
147.590854476,120.457187173,10,314,4101
149.192957295,119.649460356,10,314,4134
150.795060113,118.841733539,10,314,4167
152.397162932,118.034006723,10,314,4200
153.999265751,117.226279906,10,314,4233
155.601368569,116.418553089,10,314,4266
157.203471388,115.610826272,10,314,4299
158.805574207,114.803099456,10,314,4332
160.407677025,113.995372639,10,314,4365
162.009779844,113.187645822,10,314,4398
163.611882663,112.379919005,10,314,4431
165.213985482,111.572192189,10,314,4464
166.8160883,110.764465372,10,314,4497
168.418191119,109.956738555,10,314,4530
170.020293938,109.149011738,10,314,4563
171.622396756,108.341284922,10,314,4596
173.224499575,107.533558105,10,314,4629
174.826602394,106.725831288,10,314,4662
176.428705213,105.918104471,10,314,4695
178.030808031,105.110377655,10,314,4728
179.63291085,104.302650838,10,314,4761
181.235013669,103.494924021,10,314,4794
182.837116487,102.687197204,10,314,4827
184.439219306,101.879470388,10,314,4860
186.041322125,101.071743571,10,314,4893
187.643424943,100.264016754,10,314,4926
189.245527762,99.4562899375,10,314,4959
190.847630581,98.6485631207,10,314,4992
192.4497334,97.840836304,10,314,5025
194.051836218,97.0331094872,10,314,5058
195.678812153,96.1582620408,9,315,5091
197.251610156,97.0342958464,8,316,5124
198.771146052,97.9059048194,7,317,5157
200.238375183,98.771506373,6,318,5190
201.654291692,99.6295474108,5,319,5223
203.019927776,100.478505195,4,320,5256
204.38556386,101.327462979,4,320,5289
205.751199944,102.176420763,4,320,5322
207.116836028,103.025378546,4,320,5355
208.482472112,103.87433633,4,320,5388
209.848108196,104.723294114,4,320,5421
211.21374428,105.572251898,4,320,5454
212.579380364,106.421209682,4,320,5487
213.945016448,107.270167466,4,320,5520
215.310652532,108.11912525,4,320,5553
216.676288616,108.968083034,4,320,5586
218.0419247,109.817040818,4,320,5619
219.407560784,110.665998602,4,320,5652
220.773196868,111.514956386,4,320,5685
222.138832952,112.36391417,4,320,5718
223.504469036,113.212871953,4,320,5751
224.87010512,114.061829737,4,320,5784
226.235741205,114.910787521,4,320,5817
227.601377289,115.759745305,4,320,5850
228.967013373,116.608703089,4,320,5883
230.332649457,117.457660873,4,320,5916
231.698285541,118.306618657,4,320,5949
233.063921625,119.155576441,4,320,5982
234.429557709,120.004534225,4,320,6015
235.795193793,120.853492009,4,320,6048
237.160829877,121.702449793,4,320,6081
238.526465961,122.551407577,4,320,6114
239.892102045,123.400365361,4,320,6147
241.257738129,124.249323144,4,320,6180
242.623374213,125.098280928,4,320,6213
243.989010297,125.947238712,4,320,6246
245.354646381,126.796196496,4,320,6279
246.720282465,127.64515428,4,320,6312
248.085918549,128.494112064,4,320,6345
249.451554633,129.343069848,4,320,6378
250.817190717,130.192027632,4,320,6411
252.182826801,131.040985416,4,320,6444
253.548462885,131.8899432,4,320,6477
254.914098969,132.738900984,4,320,6510
256.279735054,133.587858768,4,320,6543
257.645371138,134.436816551,4,320,6576
259.011007222,135.285774335,4,320,6609
260.376643306,136.134732119,4,320,6642
261.74227939,136.983689903,4,320,6675
263.107915474,137.832647687,4,320,6708
264.473551558,138.681605471,4,320,6741
265.889468066,139.539646509,5,319,6774
267.356697198,140.405248062,6,318,6807
268.876233093,141.276857035,7,317,6840
270.449031097,142.152890841,8,316,6873
272.076007031,141.278043395,9,315,6906
273.67810985,140.470316578,10,314,6939
275.280212669,139.662589761,10,314,6972
276.882315487,138.854862944,10,314,7005
278.484418306,138.047136128,10,314,7038
280.086521125,137.239409311,10,314,7071
281.688623943,136.431682494,10,314,7104
283.290726762,135.623955677,10,314,7137
284.892829581,134.816228861,10,314,7170
286.4949324,134.008502044,10,314,7203
288.097035218,133.200775227,10,314,7236
289.699138037,132.39304841,10,314,7269
291.301240856,131.585321594,10,314,7302
292.903343674,130.777594777,10,314,7335
294.505446493,129.96986796,10,314,7368
296.107549312,129.162141143,10,314,7401
297.709652131,128.354414327,10,314,7434
299.311754949,127.54668751,10,314,7467
300.913857768,126.738960693,10,314,7500
302.515960587,125.931233876,10,314,7533
304.118063405,125.12350706,10,314,7566
305.720166224,124.315780243,10,314,7599
307.322269043,123.508053426,10,314,7632
308.924371861,122.700326609,10,314,7665
310.52647468,121.892599793,10,314,7698
312.128577499,121.084872976,10,314,7731
313.730680318,120.277146159,10,314,7764
315.332783136,119.469419343,10,314,7797
316.934885955,118.661692526,10,314,7830
318.536988774,117.853965709,10,314,7863
320.139091592,117.046238892,10,314,7896
321.741194411,116.238512076,10,314,7929
323.34329723,115.430785259,10,314,7962
324.945400049,114.623058442,10,314,7995
326.547502867,113.815331625,10,314,8028
328.149605686,113.007604809,10,314,8061
329.751708505,112.199877992,10,314,8094
331.353811323,111.392151175,10,314,8127
332.955914142,110.584424358,10,314,8160
334.558016961,109.776697542,10,314,8193
336.160119779,108.968970725,10,314,8226
337.762222598,108.161243908,10,314,8259
339.364325417,107.353517091,10,314,8292
340.966428236,106.545790275,10,314,8325
342.568531054,105.738063458,10,314,8358
344.170633873,104.930336641,10,314,8391
345.772736692,104.122609824,10,314,8424
347.37483951,103.314883008,10,314,8457
348.976942329,102.507156191,10,314,8490
350.579045148,101.699429374,10,314,8523
352.181147966,100.891702557,10,314,8556
353.783250785,100.083975741,10,314,8589
355.385353604,99.2762489239,10,314,8622
356.987456423,98.4685221072,10,314,8655
358.589559241,97.6607952904,10,314,8688
360.19166206,96.8530684737,10,314,8721
361.793764879,96.0453416569,10,314,8754
363.395867697,95.2376148402,10,314,8787
364.997970516,94.4298880234,10,314,8820
366.600073335,93.6221612067,10,314,8853
368.202176154,92.81443439,10,314,8886
369.804278972,92.0067075732,10,314,8919
371.406381791,91.1989807565,10,314,8952
373.00848461,90.3912539397,10,314,8985
374.610587428,89.583527123,10,314,9018
376.212690247,88.7758003062,10,314,9051
377.814793066,87.9680734895,10,314,9084
379.416895884,87.1603466727,10,314,9117
381.018998703,86.352619856,10,314,9150
382.621101522,85.5448930393,10,314,9183
384.223204341,84.7371662225,10,314,9216
385.825307159,83.9294394058,10,314,9249
387.427409978,83.121712589,10,314,9282
389.029512797,82.3139857723,10,314,9315
390.631615615,81.5062589555,10,314,9348
392.233718434,80.6985321388,10,314,9381
393.835821253,79.890805322,10,314,9414
395.437924072,79.0830785053,10,314,9447
397.04002689,78.2753516886,10,314,9480
398.642129709,77.4676248718,10,314,9513
400.244232528,76.6598980551,10,314,9546
401.846335346,75.8521712383,10,314,9579
403.448438165,75.0444444216,10,314,9612
405.050540984,74.2367176048,10,314,9645
406.652643802,73.4289907881,10,314,9678
408.254746621,72.6212639713,10,314,9711
409.85684944,71.8135371546,10,314,9744
411.458952259,71.0058103379,10,314,9777
413.061055077,70.1980835211,10,314,9810
414.663157896,69.3903567044,10,314,9843
416.265260715,68.5826298876,10,314,9876
417.867363533,67.7749030709,10,314,9909
419.469466352,66.9671762541,10,314,9942
421.071569171,66.1594494374,10,314,9975
422.67367199,65.3517226206,10,314,10008
424.275774808,64.5439958039,10,314,10041
425.877877627,63.7362689872,10,314,10074
427.479980446,62.9285421704,10,314,10107
429.082083264,62.1208153537,10,314,10140
430.684186083,61.3130885369,10,314,10173
432.286288902,60.5053617202,10,314,10206
433.88839172,59.6976349034,10,314,10239
435.490494539,58.8899080867,10,314,10272
437.092597358,58.0821812699,10,314,10305
438.719573292,57.2073338235,9,315,10338
440.292371296,58.0833676291,8,316,10371
441.811907191,58.9549766021,7,317,10404
443.279136323,59.8205781557,6,318,10437
444.746365454,60.6861797093,6,318,10470
446.213594585,61.5517812629,6,318,10503
447.680823716,62.4173828166,6,318,10536
449.148052848,63.2829843702,6,318,10569
450.615281979,64.1485859238,6,318,10602
452.08251111,65.0141874774,6,318,10635
453.549740241,65.879789031,6,318,10668
455.016969373,66.7453905846,6,318,10701
456.484198504,67.6109921383,6,318,10734
457.951427635,68.4765936919,6,318,10767
459.418656766,69.3421952455,6,318,10800
460.885885897,70.2077967991,6,318,10833
462.353115029,71.0733983527,6,318,10866
463.82034416,71.9389999063,6,318,10899
465.287573291,72.8046014599,6,318,10932
466.754802422,73.6702030136,6,318,10965
468.222031554,74.5358045672,6,318,10998
469.689260685,75.4014061208,6,318,11031
471.156489816,76.2670076744,6,318,11064
472.623718947,77.132609228,6,318,11097
474.090948078,77.9982107816,6,318,11130
475.55817721,78.8638123353,6,318,11163
477.025406341,79.7294138889,6,318,11196
478.492635472,80.5950154425,6,318,11229
479.959864603,81.4606169961,6,318,11262
481.427093735,82.3262185497,6,318,11295
482.894322866,83.1918201033,6,318,11328
484.413858761,84.0634290763,7,317,11361
485.986656765,84.9394628819,8,316,11394
487.613632699,84.0646154355,9,315,11427
489.215735518,83.2568886187,10,314,11460
490.791130154,82.5151347792,11,313,11493
492.338014225,81.8381628717,12,312,11526
493.884898296,81.1611909642,12,312,11559
495.431782367,80.4842190567,12,312,11592
496.978666438,79.8072471492,12,312,11625
498.525550509,79.1302752417,12,312,11658
500.07243458,78.4533033342,12,312,11691
501.619318651,77.7763314267,12,312,11724
503.166202722,77.0993595192,12,312,11757
504.713086793,76.4223876117,12,312,11790
506.259970864,75.7454157041,12,312,11823
507.806854935,75.0684437966,12,312,11856
509.353739006,74.3914718891,12,312,11889
510.900623078,73.7144999816,12,312,11922
512.447507149,73.0375280741,12,312,11955
513.99439122,72.3605561666,12,312,11988
515.541275291,71.6835842591,12,312,12021
517.088159362,71.0066123516,12,312,12054
518.635043433,70.3296404441,12,312,12087
520.181927504,69.6526685365,12,312,12120
521.728811575,68.975696629,12,312,12153
523.275695646,68.2987247215,12,312,12186
524.822579717,67.621752814,12,312,12219
526.369463788,66.9447809065,12,312,12252
527.916347859,66.267808999,12,312,12285
529.46323193,65.5908370915,12,312,12318
531.010116001,64.913865184,12,312,12351
532.557000072,64.2368932765,12,312,12384
534.103884143,63.559921369,12,312,12417
535.650768214,62.8829494614,12,312,12450
537.197652285,62.2059775539,12,312,12483
538.744536356,61.5290056464,12,312,12516
540.291420427,60.8520337389,12,312,12549
541.838304498,60.1750618314,12,312,12582
543.385188569,59.4980899239,12,312,12615
544.93207264,58.8211180164,12,312,12648
546.478956712,58.1441461089,12,312,12681
548.025840783,57.4671742014,12,312,12714
549.572724854,56.7902022939,12,312,12747
551.119608925,56.1132303863,12,312,12780
552.666492996,55.4362584788,12,312,12813
554.213377067,54.7592865713,12,312,12846
555.760261138,54.0823146638,12,312,12879
557.307145209,53.4053427563,12,312,12912
558.85402928,52.7283708488,12,312,12945
560.400913351,52.0513989413,12,312,12978
561.947797422,51.3744270338,12,312,13011
563.494681493,50.6974551263,12,312,13044
565.041565564,50.0204832188,12,312,13077
566.588449635,49.3435113112,12,312,13110
568.135333706,48.6665394037,12,312,13143
569.682217777,47.9895674962,12,312,13176
571.229101848,47.3125955887,12,312,13209
572.775985919,46.6356236812,12,312,13242
574.32286999,45.9586517737,12,312,13275
575.869754061,45.2816798662,12,312,13308
577.416638132,44.6047079587,12,312,13341
578.963522203,43.9277360512,12,312,13374
580.510406275,43.2507641436,12,312,13407
582.057290346,42.5737922361,12,312,13440
583.604174417,41.8968203286,12,312,13473
585.151058488,41.2198484211,12,312,13506
586.697942559,40.5428765136,12,312,13539
588.24482663,39.8659046061,12,312,13572
589.791710701,39.1889326986,12,312,13605
591.367105337,38.4471788591,11,313,13638
592.969208155,37.6394520424,10,314,13671
594.59618409,36.7646045959,9,315,13704
596.168982093,37.6406384015,8,316,13737
597.688517989,38.5122473745,7,317,13770
599.15574712,39.3778489281,6,318,13803
600.571663629,40.2358899659,5,319,13836
601.987580137,41.0939310037,5,319,13869
603.403496646,41.9519720415,5,319,13902
604.819413155,42.8100130792,5,319,13935
606.235329663,43.668054117,5,319,13968
607.651246172,44.5260951548,5,319,14001
609.067162681,45.3841361926,5,319,14034
610.483079189,46.2421772304,5,319,14067
611.898995698,47.1002182681,5,319,14100
613.314912207,47.9582593059,5,319,14133
614.730828715,48.8163003437,5,319,14166
616.146745224,49.6743413815,5,319,14199
617.562661733,50.5323824193,5,319,14232
618.978578241,51.390423457,5,319,14265
620.39449475,52.2484644948,5,319,14298
621.810411259,53.1065055326,5,319,14331
623.226327768,53.9645465704,5,319,14364
624.642244276,54.8225876082,5,319,14397
626.058160785,55.6806286459,5,319,14430
627.474077294,56.5386696837,5,319,14463
628.889993802,57.3967107215,5,319,14496
630.305910311,58.2547517593,5,319,14529
631.72182682,59.1127927971,5,319,14562
633.137743328,59.9708338348,5,319,14595
634.503379412,60.8197916188,4,320,14628
635.819804566,61.6581746206,3,321,14661
637.0881248,62.4845233562,2,322,14694
638.309481848,63.2974112012,1,323,14727
639.485052353,64.0954451899,0,324,14760
640.584632702,64.8772667948,359,325,14793
641.609476417,65.6415526876,358,326,14826
642.560878954,66.3870154809,357,327,14859
643.44017682,67.112404451,356,328,14892
644.248746669,67.8165062406,355,329,14925
644.988004386,68.4981455411,354,330,14958
645.659404142,69.156185755,353,331,14991
646.264437449,69.7895296376,352,332,15024
646.80463218,70.3971199173,351,333,15057
647.281551588,70.9779398954,350,334,15090
647.6967933,71.5310140234,349,335,15123
648.051988303,72.0554084596,348,336,15156
648.348799907,72.5502316029,347,337,15189
648.588922704,73.0146346048,346,338,15222
648.774081504,73.4478118588,345,339,15255
648.906030265,73.8490014666,344,340,15288
648.986551005,74.2174856827,343,341,15321
649.017452705,74.5525913343,342,342,15354
649.017452705,74.8536902192,341,343,15387
649.017452705,75.1201994791,340,344,15420
649.017452705,75.3515819505,339,345,15453
649.017452705,75.5473464907,338,346,15486
649.017452705,75.7070482805,337,347,15519
649.017452705,75.8302891024,336,348,15552
649.017452705,75.9167175951,335,349,15585
649.017452705,75.9660294829,334,350,15618
649.017452705,75.9779677814,333,351,15651
649.017452705,75.9779677814,332,352,15684
649.017452705,75.9779677814,331,353,15717
649.017452705,75.9779677814,330,354,15750
649.017452705,75.9779677814,329,355,15783
649.017452705,75.9779677814,328,356,15816
649.017452705,75.9779677814,327,357,15849
649.017452705,75.9779677814,326,358,15882
649.017452705,75.9779677814,325,359,15915
649.017452705,75.9779677814,324,0,15948
649.017452705,75.9779677814,323,1,15981
649.017452705,75.9779677814,322,2,16014
649.017452705,75.9779677814,321,3,16047
649.017452705,75.9779677814,320,4,16080
649.017452705,75.9779677814,319,5,16114
649.017452705,75.9873114036,318,6,16147
649.017452705,76.05286102,317,7,16180
649.017452705,76.1744632302,316,8,16213
649.017452705,76.3519112975,315,9,16246
649.017452705,76.5849452935,314,10,16279
649.017452705,76.8732522704,313,11,16312
649.017452705,77.2164664585,312,12,16345
649.017452705,77.6141694903,311,13,16378
649.017452705,78.065890651,310,14,16411
649.017452705,78.5711071543,309,15,16444
649.017452705,79.1292444451,308,16,16477
649.017452705,79.7396765271,307,17,16510
649.017452705,80.4017263163,306,18,16543
649.017452705,81.1146660201,305,19,16576
649.017452705,81.8777175412,304,20,16609
649.017452705,82.6900529072,303,21,16642
649.017452705,83.550794725,302,22,16675
649.017452705,84.4590166592,301,23,16708
649.017452705,85.4137439361,300,24,16741
649.017452705,86.4139538709,299,25,16774
649.017452705,87.4585764202,298,26,16807
649.017452705,88.5464947567,297,27,16840
649.017452705,89.6765458691,296,28,16873
649.017452705,90.8475211839,295,29,16906
649.028595126,92.0581672114,294,30,16939
649.087150776,93.3071862137,293,31,16972
649.194763999,94.593236895,292,32,17005
649.353046513,95.9149351149,291,33,17038
649.563576416,97.270854623,290,34,17071
649.827897213,98.6595278146,289,35,17104
650.147516853,100.079446508,288,36,17137
650.467136493,101.499365202,288,36,17170
650.726473143,102.902934438,288,35,17203
650.926775541,104.28855678,288,34,17236
651.069329574,105.65467086,288,33,17269
651.155457401,106.99975218,288,32,17302
651.186516554,108.322313903,288,31,17335
651.186516554,109.620907614,288,30,17368
651.186516554,110.89412407,288,29,17401
651.186516554,112.140593919,288,28,17435
651.186516554,113.358988411,288,27,17468
651.186516554,114.548020071,288,26,17501
651.186516554,115.70644337,288,25,17534
651.186516554,116.833055352,288,24,17567
651.186516554,117.926696258,288,23,17600
651.186516554,118.986250119,288,22,17633
651.186516554,120.010645322,288,21,17666
651.186516554,120.998855161,288,20,17699
651.186516554,121.949898362,288,19,17732
651.186516554,122.862839584,288,18,17765
651.186516554,123.736789892,288,17,17798
651.186516554,124.570907215,288,16,17831
651.186516554,125.405024539,288,16,17864
651.186516554,126.239141863,288,16,17897
651.186516554,127.073259186,288,16,17930
651.186516554,127.90737651,288,16,17963
651.186516554,128.781326818,288,17,17996
651.186516554,129.694268039,288,18,18029
651.186516554,130.645311241,288,19,18062
651.186516554,131.63352108,288,20,18095
651.186516554,132.657916283,288,21,18128
651.186516554,133.717470143,288,22,18161
651.186516554,134.81111105,288,23,18194
651.186516554,135.937723032,288,24,18227
651.186516554,137.09614633,288,25,18260
651.186516554,138.285177991,288,26,18293
651.186516554,139.503572482,288,27,18326
651.186516554,140.750042332,288,28,18359
651.186516554,142.023258787,288,29,18392
651.186516554,143.321852499,288,30,18425
651.217575707,144.644414222,288,31,18458
651.303703535,145.989495542,288,32,18491
651.446257568,147.355609622,288,33,18524
651.646559965,148.741231964,288,34,18557
651.905896616,150.144801199,288,35,18590
652.225516255,151.564719893,288,36,18623
652.606629605,152.999355369,288,37,18656
653.050408522,154.447040554,288,38,18689
653.557985171,155.906074842,288,39,18722
654.130451217,157.374724976,288,40,18755
654.768857029,158.851225947,288,41,18788
655.474210913,160.333781912,288,42,18821
656.247478353,161.820567126,288,43,18854
657.089581282,163.309726899,288,44,18887
658.001397371,161.824075241,288,45,18920
658.903832685,160.408136741,288,46,18953
659.795004552,159.061033732,288,47,18986
660.67305828,157.781844278,288,48,19019
661.536168126,156.569602896,288,49,19052
662.382538246,155.423301281,288,50,19085
663.210403631,154.341889062,288,51,19118
664.018031024,153.324274575,288,52,19151
664.803719819,152.369325656,288,53,19184
665.565802943,151.475870447,288,54,19217
666.30264772,150.642698226,288,55,19250
667.012656714,149.868560259,288,56,19283
667.694268558,149.152170657,288,57,19316
668.345958753,148.49220726,288,58,19349
668.966240461,147.887312537,288,59,19382
669.55366527,147.336094498,288,60,19415
670.106823933,146.837127627,288,61,19448
670.624347102,146.388953824,288,62,19481
671.104906024,145.99008337,288,63,19514
671.547213226,145.638995897,288,64,19547
671.950023176,145.334141384,288,65,19580
672.312132922,145.073941155,288,66,19613
672.632382703,144.856788897,288,67,19646
672.90965655,144.681051689,288,68,19679
673.142882849,144.545071042,288,69,19712
673.331034897,144.447163956,288,70,19745
673.473131417,144.385623977,288,71,19778
673.568237069,144.358722277,288,72,19811
673.615462918,144.358722277,288,73,19844
673.615462918,144.358722277,288,74,19877
673.615462918,144.358722277,288,75,19910
673.615462918,144.358722277,288,76,19943
673.615462918,144.358722277,288,77,19976
673.615462918,144.358722277,288,78,20009
673.615462918,144.358722277,288,79,20042
673.615462918,144.358722277,288,80,20075
673.615462918,144.358722277,288,81,20108
673.615462918,144.358722277,288,82,20141
673.615462918,144.358722277,288,83,20174
673.615462918,144.358722277,288,84,20207
673.615462918,144.358722277,288,85,20240
673.615462918,144.358722277,288,86,20273
673.615462918,144.358722277,288,87,20306
673.615462918,144.358722277,288,88,20339
673.615462918,144.358722277,288,89,20372
673.615462918,144.358722277,288,90,20406
673.615462918,144.358722277,288,91,20439
673.615462918,144.358722277,288,92,20472
673.615462918,144.358722277,288,93,20505
673.615462918,144.358722277,288,94,20538
673.615462918,144.358722277,288,95,20571
673.615462918,144.358722277,288,96,20604
673.615462918,144.358722277,288,97,20637
673.615462918,144.358722277,288,98,20670
673.615462918,144.358722277,288,99,20703
673.615462918,144.358722277,288,100,20736
673.615462918,144.358722277,288,101,20769
673.615462918,144.358722277,288,102,20802
673.615462918,144.358722277,288,103,20835
673.615462918,144.358722277,288,104,20868
673.615462918,144.358722277,288,105,20901
673.615462918,144.358722277,288,106,20934
673.662688768,144.358722277,288,107,20967
673.757794419,144.331820578,288,108,21000
673.89989094,144.270280599,288,109,21033
674.088042987,144.172373512,288,110,21066
674.321269287,144.036392866,288,111,21099
674.598543133,143.860655658,288,112,21132
674.918792915,143.6435034,288,113,21165
675.28090266,143.38330317,288,114,21198
675.683712611,143.078448657,288,115,21231
676.126019813,142.727361185,288,116,21264
676.606578735,142.32849073,288,117,21297
677.124101903,141.880316927,288,118,21330
677.677260567,141.381350056,288,119,21363
678.264685375,140.830132018,288,120,21396
678.884967084,140.225237295,288,121,21429
679.536657279,139.565273898,288,122,21462
680.218269122,138.848884295,288,123,21495
680.928278117,138.074746328,288,124,21528
681.665122894,137.241574108,288,125,21561
682.427206018,136.348118898,288,126,21594
683.212894813,135.393169979,288,127,21627
684.020522206,134.375555493,288,128,21660
684.848387591,133.294143274,288,129,21693
685.694757711,132.147841658,288,130,21726
686.557867557,130.935600276,288,131,21759
687.435921285,129.656410823,288,132,21792
688.327093152,128.309307813,288,133,21825
689.229528466,126.893369314,288,134,21858
690.141344554,125.407717656,288,135,21891
690.983447484,126.896877428,288,136,21924
691.756714924,128.383662643,288,137,21957
692.462068808,129.866218607,288,138,21990
693.10047462,131.342719578,288,139,22023
693.672940666,132.811369712,288,140,22056
694.180517315,134.270404001,288,141,22089
694.624296232,135.718089186,288,142,22122
695.005409581,137.152724661,288,143,22155
695.325029221,138.572643355,288,144,22188
695.584365872,139.976212591,288,145,22221
695.784668269,141.361834933,288,146,22254
695.927222302,142.727949013,288,147,22287
696.013350129,144.073030333,288,148,22320
696.044409282,145.395592056,288,149,22353
696.044409282,146.694185767,288,150,22386
696.044409282,147.967402223,288,151,22419
696.044409282,149.213872072,288,152,22452
696.044409282,150.432266564,288,153,22485
696.044409282,151.621298224,288,154,22518
696.044409282,152.779721523,288,155,22551
696.044409282,153.906333504,288,156,22584
696.044409282,154.999974411,288,157,22617
696.044409282,156.059528272,288,158,22650
696.044409282,157.083923474,288,159,22683
696.044409282,158.072133314,288,160,22716
696.044409282,159.023176515,288,161,22749
696.044409282,159.936117737,288,162,22782
696.044409282,160.810068045,288,163,22815
696.044409282,161.644185368,288,164,22848
696.044409282,162.437674929,288,165,22881
696.044409282,163.189789643,288,166,22914
696.044409282,163.899830506,288,167,22947
696.044409282,164.609871369,288,167,22980
696.044409282,165.319912232,288,167,23013
696.044409282,166.029953095,288,167,23046
696.044409282,166.712250294,287,168,23079
696.044409282,167.366282175,286,169,23112
696.044409282,167.991571564,285,170,23145
696.044409282,168.587686028,284,171,23178
696.044409282,169.15423811,283,172,23211
696.044409282,169.690885536,282,173,23244
696.044409282,170.197331405,281,174,23277
696.044409282,170.67332435,280,175,23310
696.044409282,171.118658676,279,176,23343
696.044409282,171.533174475,278,177,23376
696.044409282,171.916757713,277,178,23409
696.044409282,172.269340301,276,179,23442
696.044409282,172.269340301,275,180,23475
696.044409282,172.65321768,274,181,23508
696.044409282,173.099380967,273,182,23541
696.044409282,173.607743009,272,183,23574
696.044409282,174.178161188,271,184,23607
696.044409282,174.810437493,270,185,23640
696.044409282,175.472904292,269,186,23673
696.044409282,176.165262693,268,187,23706
696.044409282,176.887168363,267,188,23739
696.044409282,177.638231707,266,189,23772
696.044409282,178.418018068,265,190,23805
696.044409282,179.197804429,265,190,23838
696.044409282,179.97759079,265,190,23871
696.044409282,180.757377151,265,190,23904
696.044409282,181.537163512,265,190,23937
696.044409282,182.316949873,265,190,23970
696.044409282,183.124979757,264,191,24003
696.044409282,183.960729082,263,192,24036
696.044409282,184.823629449,262,193,24069
696.044409282,185.713068439,261,194,24102
696.044409282,186.628389935,260,195,24135
696.044409282,187.568894458,259,196,24168
696.044409282,188.533839539,258,197,24201
696.044409282,189.522440106,257,198,24234
696.044409282,190.533868896,256,199,24267
696.044409282,191.56725689,255,200,24300
696.044409282,192.621693767,254,201,24333
696.044409282,193.676130645,254,201,24366
696.044409282,194.730567522,254,201,24399
696.044409282,195.785004399,254,201,24432
696.044409282,196.839441277,254,201,24465
696.044409282,197.893878154,254,201,24498
696.044409282,198.948315032,254,201,24531
696.044409282,200.002751909,254,201,24564
696.044409282,201.057188786,254,201,24597
696.044409282,202.111625664,254,201,24630
696.044409282,203.166062541,254,201,24663
696.044409282,204.220499418,254,201,24696
696.044409282,205.274936296,254,201,24729
696.044409282,206.329373173,254,201,24762
696.044409282,207.38381005,254,201,24795
696.044409282,208.438246928,254,201,24828
696.044409282,209.492683805,254,201,24861
696.044409282,210.547120682,254,201,24894
696.044409282,211.60155756,254,201,24927
696.044409282,212.655994437,254,201,24960
696.044409282,213.710431314,254,201,24993
696.044409282,214.764868192,254,201,25026
696.044409282,215.819305069,254,201,25059
696.044409282,216.873741946,254,201,25092
696.044409282,217.928178824,254,201,25125
696.044409282,218.982615701,254,201,25158
696.044409282,220.037052578,254,201,25191
696.044409282,221.091489456,254,201,25224
696.044409282,222.145926333,254,201,25257
696.044409282,223.20036321,254,201,25290
696.044409282,224.254800088,254,201,25323
696.044409282,225.309236965,254,201,25356
696.044409282,226.363673842,254,201,25389
696.044409282,227.41811072,254,201,25422
696.044409282,228.472547597,254,201,25455
696.044409282,229.526984475,254,201,25488
696.044409282,230.581421352,254,201,25521
696.044409282,231.635858229,254,201,25554
696.044409282,232.690295107,254,201,25587
696.044409282,233.744731984,254,201,25620
696.044409282,234.799168861,254,201,25653
696.044409282,235.853605739,254,201,25686
696.044409282,236.908042616,254,201,25719
696.044409282,237.962479493,254,201,25752
696.044409282,239.016916371,254,201,25785
696.044409282,240.071353248,254,201,25818
696.044409282,241.125790125,254,201,25851
696.044409282,242.180227003,254,201,25884
696.044409282,243.254761624,253,202,25917
696.044409282,244.348402531,252,203,25950
696.044409282,245.460118469,251,204,25983
696.044409282,246.588838933,250,205,26016
696.044409282,247.733454734,249,206,26049
696.044409282,248.892818586,248,207,26082
696.044409282,250.065745715,247,208,26115
696.044409282,251.251014486,246,209,26148
696.026752957,252.447367057,245,210,26181
695.948657581,253.653510043,244,211,26214
695.808484761,254.868115209,243,212,26247
695.604632697,256.089820177,242,213,26280
695.400780633,257.311525145,242,213,26313
695.196928569,258.533230113,242,213,26346
694.993076505,259.754935081,242,213,26379
694.789224441,260.976640049,242,213,26412
694.585372377,262.198345017,242,213,26445
694.381520313,263.420049985,242,213,26478
694.177668249,264.641754953,242,213,26511
693.973816185,265.863459921,242,213,26544
693.769964121,267.085164889,242,213,26577
693.566112058,268.306869857,242,213,26610
693.362259994,269.528574825,242,213,26643
693.15840793,270.750279793,242,213,26676
692.954555866,271.971984761,242,213,26709
692.750703802,273.193689729,242,213,26742
692.546851738,274.415394698,242,213,26775
692.342999674,275.637099666,242,213,26808
692.13914761,276.858804634,242,213,26841
691.935295546,278.080509602,242,213,26874
691.731443482,279.30221457,242,213,26907
691.527591418,280.523919538,242,213,26940
691.323739354,281.745624506,242,213,26973
691.11988729,282.967329474,242,213,27006
690.916035226,284.189034442,242,213,27039
690.712183162,285.41073941,242,213,27072
690.508331098,286.632444378,242,213,27105
690.304479034,287.854149346,242,213,27138
690.10062697,289.075854314,242,213,27171
689.896774906,290.297559282,242,213,27204
689.692922842,291.51926425,242,213,27237
689.489070778,292.740969218,242,213,27270
689.285218714,293.962674186,242,213,27303
689.081366651,295.184379155,242,213,27336
688.877514587,296.406084123,242,213,27369
688.673662523,297.627789091,242,213,27402
688.404566997,298.855198069,241,214,27435
688.068702345,300.0868826,240,215,27468
687.664582411,301.321382321,239,216,27501
687.190761484,302.557205754,238,217,27534
686.645835213,303.792831103,237,218,27567
686.028441515,305.026707073,236,219,27600
685.337261444,306.257253709,235,220,27633
684.571020062,307.482863248,234,221,27666
683.728487273,308.701900987,233,222,27699
682.808478647,309.912706168,232,223,27732
681.809856217,311.113592884,231,224,27765
680.731529263,309.92833478,230,225,27798
679.652381707,308.824734111,229,226,27831
678.574089318,307.801733352,228,227,27864
677.498303057,306.858227128,227,228,27897
676.426648167,305.993062984,226,229,27930
675.360723285,305.205042177,225,230,27963
674.294798403,304.41702137,225,230,27996
673.228873522,303.629000562,225,230,28029
672.16294864,302.840979755,225,230,28062
671.097023758,302.052958948,225,230,28095
670.031098877,301.26493814,225,230,28128
668.965173995,300.476917333,225,230,28161
667.899249113,299.688896526,225,230,28194
666.833324232,298.900875718,225,230,28227
665.76739935,298.112854911,225,230,28260
664.701474469,297.324834104,225,230,28293
663.635549587,296.536813296,225,230,28326
662.569624705,295.748792489,225,230,28359
661.503699824,294.960771682,225,230,28392
660.437774942,294.172750874,225,230,28425
659.366120052,293.307586731,226,229,28458
658.29033379,292.364080506,227,228,28491
657.212041402,291.341079748,228,227,28524
656.132893845,290.237479079,229,226,28557
655.054566891,289.052220975,230,225,28590
654.055944462,290.25310769,231,224,28623
653.135935836,291.463912872,232,223,28656
652.293403047,292.682950611,233,222,28689
651.527161664,293.90856015,234,221,28722
650.835981594,295.139106786,235,220,28755
650.144801523,296.369653423,235,220,28788
649.453621453,297.600200059,235,220,28821
648.762441382,298.830746695,235,220,28854
648.071261312,300.061293332,235,220,28887
647.380081241,301.291839968,235,220,28920
646.68890117,302.522386605,235,220,28953
645.9977211,303.752933241,235,220,28986
645.306541029,304.983479878,235,220,29019
644.615360959,306.214026514,235,220,29052
643.924180888,307.444573151,235,220,29085
643.233000818,308.675119787,235,220,29118
642.541820747,309.905666423,235,220,29151
641.850640677,311.13621306,235,220,29184
641.159460606,312.366759696,235,220,29217
640.468280535,313.597306333,235,220,29250
639.777100465,314.827852969,235,220,29283
639.085920394,316.058399606,235,220,29316
638.394740324,317.288946242,235,220,29349
637.703560253,318.519492878,235,220,29382
637.012380183,319.750039515,235,220,29415
636.321200112,320.980586151,235,220,29448
635.630020042,322.211132788,235,220,29481
634.938839971,323.441679424,235,220,29514
634.2476599,324.672226061,235,220,29547
633.55647983,325.902772697,235,220,29580
632.865299759,327.133319334,235,220,29613
632.239009085,328.354250124,235,219,29646
631.676516144,329.563831811,235,218,29679
631.17668877,330.760363789,235,217,29712
630.738355105,331.942178985,235,216,29745
630.36030443,333.107644723,235,215,29778
629.982253754,334.273110461,235,215,29811
629.604203079,335.438576199,235,215,29844
629.226152404,336.604041936,235,215,29877
628.848101728,337.769507674,235,215,29910
628.470051053,338.934973412,235,215,29943
628.092000378,340.10043915,235,215,29976
627.713949703,341.265904888,235,215,30009
627.335899027,342.431370626,235,215,30042
626.957848352,343.596836364,235,215,30075
626.63883193,344.744355208,235,214,30108
626.377563872,345.87236579,235,213,30141
626.17272202,346.979343612,235,212,30174
626.022948842,348.063801838,235,211,30207
625.926852349,349.124292051,235,210,30240
625.883007022,350.159405009,235,209,30273
625.883007022,351.167771361,235,208,30306
625.883007022,352.176137712,235,208,30339
625.883007022,353.184504064,235,208,30372
625.883007022,354.192870416,235,208,30405
625.883007022,355.201236767,235,208,30438
625.883007022,356.209603119,235,208,30471
625.883007022,357.217969471,235,208,30504
625.883007022,358.226335823,235,208,30537
625.883007022,359.234702174,235,208,30570
625.883007022,360.243068526,235,208,30603
625.883007022,361.251434878,235,208,30636
625.883007022,362.231725871,235,207,30669
625.883007022,363.182654034,235,206,30702
625.883007022,364.102973835,235,205,30735
625.883007022,364.991482319,235,204,30768
625.883007022,365.847019728,235,203,30801
625.883007022,366.668470091,235,202,30834
625.883007022,367.454761796,235,201,30867
625.883007022,368.204868137,235,200,30900
625.883007022,368.917807841,235,199,30933
625.883007022,369.630747545,235,199,30966
625.883007022,370.343687248,235,199,30999
625.883007022,371.056626952,235,199,31032
625.883007022,371.769566656,235,199,31065
625.883007022,372.48250636,235,199,31098
625.883007022,373.195446063,235,199,31131
625.883007022,373.908385767,235,199,31164
625.883007022,374.621325471,235,199,31197
625.883007022,375.358643878,234,200,31230
625.883007022,376.119520855,233,201,31263
625.883007022,376.903094683,232,202,31296
625.883007022,377.708462532,231,203,31329
625.883007022,378.53468096,230,204,31362
625.883007022,379.380766427,229,205,31395
625.883007022,380.245695837,228,206,31428
625.860239604,381.1284071,227,207,31461
625.777356327,382.027799711,226,208,31494
625.632670264,382.942735358,225,209,31527
625.487984201,383.857671005,225,209,31560
625.343298138,384.772606653,225,209,31593
625.198612075,385.6875423,225,209,31626
625.053926013,386.602477947,225,209,31659
624.90923995,387.517413595,225,209,31692
624.764553887,388.432349242,225,209,31725
624.619867824,389.347284889,225,209,31758
624.475181761,390.262220537,225,209,31791
624.330495698,391.177156184,225,209,31824
624.185809635,392.092091831,225,209,31857
624.041123572,393.007027479,225,209,31890
623.896437509,393.921963126,225,209,31923
623.751751447,394.836898773,225,209,31956
623.607065384,395.751834421,225,209,31989
623.462379321,396.666770068,225,209,32022
623.317693258,397.581705715,225,209,32055
623.173007195,398.496641363,225,209,32088
623.028321132,399.41157701,225,209,32121
622.883635069,400.326512657,225,209,32154
622.738949006,401.241448305,225,209,32187
622.594262944,402.156383952,225,209,32220
622.449576881,403.071319599,225,209,32253
622.304890818,403.986255246,225,209,32286
622.160204755,404.901190894,225,209,32319
622.06631176,405.789379935,225,208,32352
622.021722114,406.649493618,225,207,32385
622.021722114,407.480244471,225,206,32418
622.021722114,408.280386961,225,205,32451
622.021722114,409.048718135,225,204,32484
622.021722114,409.784078233,225,203,32517
622.021722114,410.485351286,225,202,32550
622.021722114,411.151465681,225,201,32583
622.021722114,411.781394712,225,200,32616
622.021722114,412.374157105,225,199,32649
622.021722114,412.966919498,225,199,32682
622.021722114,413.559681892,225,199,32715
622.021722114,414.152444285,225,199,32748
622.021722114,414.745206679,225,199,32781
622.021722114,415.337969072,225,199,32814
622.021722114,415.930731465,225,199,32847
622.021722114,416.523493859,225,199,32880
622.021722114,417.116256252,225,199,32913
622.021722114,417.709018646,225,199,32946
622.021722114,418.301781039,225,199,32979
622.021722114,418.894543432,225,199,33012
622.021722114,419.487305826,225,199,33045
622.021722114,420.080068219,225,199,33078
622.021722114,420.672830613,225,199,33111
622.021722114,421.227491026,225,198,33144
622.021722114,421.743160526,225,197,33177
622.021722114,422.218997041,225,196,33210
622.021722114,422.654205793,225,195,33243
622.021722114,423.0480397,225,194,33276
622.021722114,423.399799754,225,193,33309
622.021722114,423.708835385,225,192,33342
622.021722114,423.974544783,225,191,33375
622.021722114,424.19637521,225,190,33408
622.021722114,424.373823277,225,189,33441
622.021722114,424.506435204,225,188,33474
622.021722114,424.593807049,225,187,33507
622.021722114,424.635584911,225,186,33540
622.021722114,424.677362773,225,186,33573
622.021722114,424.719140635,225,186,33606
622.021722114,424.760918497,225,186,33639
622.021722114,424.802696359,225,186,33672
622.021722114,424.844474221,225,186,33705
622.021722114,424.886252083,225,186,33738
622.021722114,424.928029945,225,186,33771
622.021722114,424.969807808,225,186,33804
622.021722114,425.01158567,225,186,33837
622.021722114,425.053363532,225,186,33870
622.021722114,425.095141394,225,186,33903
622.021722114,425.136919256,225,186,33936
622.021722114,425.178697118,225,186,33969
622.021722114,425.22047498,225,186,34002
622.021722114,425.262252842,225,186,34035
622.021722114,425.338614969,224,187,34068
622.021722114,425.449404669,223,188,34101
622.021722114,425.594418496,222,189,34134
622.021722114,425.773406403,221,190,34167
622.021722114,425.986071905,220,191,34200
622.021722114,426.232072274,219,192,34233
622.021722114,426.511018754,218,193,34266
622.021722114,426.822476804,217,194,34299
622.021722114,427.165966364,216,195,34332
622.021722114,427.540962143,215,196,34365
622.021722114,427.94689393,214,197,34398
622.021722114,428.383146936,213,198,34431
622.021722114,428.849062145,212,199,34464
622.021722114,429.314977355,212,199,34497
622.021722114,429.780892565,212,199,34530
622.021722114,430.246807775,212,199,34563
622.021722114,430.712722985,212,199,34596
622.021722114,431.178638195,212,199,34629
622.021722114,431.644553405,212,199,34662
622.021722114,432.110468615,212,199,34695
622.021722114,432.576383825,212,199,34728
622.021722114,433.042299035,212,199,34761
622.021722114,433.508214245,212,199,34794
622.021722114,433.974129455,212,199,34827
622.021722114,434.440044665,212,199,34860
622.021722114,434.905959875,212,199,34893
622.021722114,435.371875084,212,199,34926
622.021722114,435.837790294,212,199,34959
622.021722114,436.303705504,212,199,34992
622.021722114,436.769620714,212,199,35025
622.021722114,437.235535924,212,199,35058
622.021722114,437.701451134,212,199,35091
622.021722114,438.167366344,212,199,35124
622.021722114,438.633281554,212,199,35157
622.021722114,439.128156117,211,200,35190
622.021722114,439.651243752,210,201,35223
622.000198269,440.201755171,209,202,35256
621.923455122,440.778858539,208,203,35289
621.789731048,441.381679944,207,204,35322
621.597295272,442.009303895,206,205,35355
621.34444894,442.660773843,205,206,35388
621.029526169,443.335092717,204,207,35421
620.650895087,444.031223494,203,208,35454
620.206958855,444.748089775,202,209,35487
619.763022623,445.464956056,202,209,35520
619.319086392,446.181822337,202,209,35553
618.87515016,446.898688619,202,209,35586
618.431213928,447.6155549,202,209,35619
617.987277696,448.332421181,202,209,35652
617.543341464,449.049287463,202,209,35685
617.099405232,449.766153744,202,209,35718
616.655469,450.483020025,202,209,35751
616.211532768,451.199886306,202,209,35784
615.767596537,451.916752588,202,209,35817
615.323660305,452.633618869,202,209,35850
614.879724073,453.35048515,202,209,35883
614.435787841,454.067351432,202,209,35916
613.991851609,454.784217713,202,209,35949
613.547915377,455.501083994,202,209,35982
613.103979145,456.217950275,202,209,36015
612.660042913,456.934816557,202,209,36048
612.216106682,457.651682838,202,209,36081
611.77217045,458.368549119,202,209,36114
611.328234218,459.0854154,202,209,36147
610.884297986,459.802281682,202,209,36180
610.440361754,460.519147963,202,209,36213
609.996425522,461.236014244,202,209,36246
609.55248929,461.952880526,202,209,36279
609.108553058,462.669746807,202,209,36312
608.664616827,463.386613088,202,209,36345
608.220680595,464.103479369,202,209,36378
607.776744363,464.820345651,202,209,36411
607.332808131,465.537211932,202,209,36444
606.888871899,466.254078213,202,209,36477
606.444935667,466.970944495,202,209,36510
606.000999435,467.687810776,202,209,36543
605.557063203,468.404677057,202,209,36576
605.113126972,469.121543338,202,209,36609
604.66919074,469.83840962,202,209,36642
604.225254508,470.555275901,202,209,36675
603.781318276,471.272142182,202,209,36708
603.337382044,471.989008464,202,209,36741
602.893445812,472.705874745,202,209,36774
602.382643633,473.442361367,201,210,36807
601.803451744,474.197315026,200,211,36840
601.154384392,474.969544924,199,212,36873
600.433994789,475.757823434,198,213,36906
599.640876061,476.56088679,197,214,36939
598.773662166,477.377435795,196,215,36972
597.831028802,478.20613654,195,216,37005
596.811694294,479.045621157,194,217,37038
595.714420462,479.894488578,193,218,37071
594.617146629,480.743356,193,218,37104
593.519872797,481.592223421,193,218,37137
592.422598965,482.441090843,193,218,37170
591.325325132,483.289958264,193,218,37203
590.2280513,484.138825686,193,218,37236
589.130777468,484.987693107,193,218,37269
588.033503635,485.836560529,193,218,37302
586.936229803,486.68542795,193,218,37335
585.838955971,487.534295372,193,218,37368
584.741682138,488.383162794,193,218,37401
583.644408306,489.232030215,193,218,37434
582.547134474,490.080897637,193,218,37467
581.449860641,490.929765058,193,218,37500
580.352586809,491.77863248,193,218,37533
579.255312977,492.627499901,193,218,37566
578.158039144,493.476367323,193,218,37599
577.060765312,494.325234744,193,218,37632
575.96349148,495.174102166,193,218,37665
574.866217647,496.022969587,193,218,37698
573.768943815,496.871837009,193,218,37731
572.671669983,497.72070443,193,218,37764
571.57439615,498.569571852,193,218,37797
570.477122318,499.418439273,193,218,37830
569.379848486,500.267306695,193,218,37863
568.282574653,501.116174116,193,218,37896
567.185300821,501.965041538,193,218,37929
566.008893829,502.82185828,192,219,37962
564.752205014,503.685159245,191,220,37995
563.414131697,504.553448533,190,221,38028
561.993617967,505.425200286,189,222,38061
560.489655454,506.298859533,188,223,38094
558.901284068,507.172843064,187,224,38127
557.227592732,506.304145817,186,225,38160
555.547646722,505.506667251,185,226,38193
553.863304817,504.779256592,184,227,38226
552.178962911,504.051845932,184,227,38259
550.494621006,503.324435273,184,227,38292
548.810279101,502.597024614,184,227,38325
547.125937196,501.869613954,184,227,38358
545.44159529,501.142203295,184,227,38391
543.757253385,500.414792636,184,227,38424
542.07291148,499.687381976,184,227,38457
540.388569575,498.959971317,184,227,38490
538.704227669,498.232560657,184,227,38523
537.019885764,497.505149998,184,227,38556
535.335543859,496.777739339,184,227,38589
533.651201953,496.050328679,184,227,38622
531.966860048,495.32291802,184,227,38655
530.282518143,494.595507361,184,227,38688
528.598176238,493.868096701,184,227,38721
526.913834332,493.140686042,184,227,38754
525.229492427,492.413275383,184,227,38787
523.545150522,491.685864723,184,227,38820
521.860808616,490.958454064,184,227,38853
520.176466711,490.231043405,184,227,38886
518.492124806,489.503632745,184,227,38919
516.807782901,488.776222086,184,227,38952
515.123440995,488.048811426,184,227,38985
513.43909909,487.321400767,184,227,39018
511.754757185,486.593990108,184,227,39051
510.07041528,485.866579448,184,227,39084
508.386073374,485.139168789,184,227,39117
506.701731469,484.41175813,184,227,39150
505.017389564,483.68434747,184,227,39183
503.333047658,482.956936811,184,227,39216
501.648705753,482.229526152,184,227,39249
499.964363848,481.502115492,184,227,39282
498.280021943,480.774704833,184,227,39315
496.595680037,480.047294173,184,227,39348
494.911338132,479.319883514,184,227,39381
493.231392122,478.522404948,185,226,39414
491.557700786,477.653707701,186,225,39447
489.969329401,478.527691232,187,224,39480
488.465366887,479.401350479,188,223,39513
487.044853157,480.273102232,189,222,39546
485.70677984,481.141391521,190,221,39579
484.368706523,482.009680809,190,221,39612
483.030633205,482.877970097,190,221,39645
481.692559888,483.746259386,190,221,39678
480.354486571,484.614548674,190,221,39711
479.016413254,485.482837962,190,221,39744
477.678339936,486.351127251,190,221,39777
476.340266619,487.219416539,190,221,39810
475.002193302,488.087705827,190,221,39844
473.664119985,488.955995116,190,221,39877
472.326046667,489.824284404,190,221,39910
470.98797335,490.692573693,190,221,39943
469.649900033,491.560862981,190,221,39976
468.311826716,492.429152269,190,221,40009
466.973753398,493.297441558,190,221,40042
465.635680081,494.165730846,190,221,40075
464.297606764,495.034020134,190,221,40108
462.959533447,495.902309423,190,221,40141
461.62146013,496.770598711,190,221,40174
460.283386812,497.638887999,190,221,40207
458.945313495,498.507177288,190,221,40240
457.607240178,499.375466576,190,221,40273
456.269166861,500.243755864,190,221,40306
454.931093543,501.112045153,190,221,40339
453.593020226,501.980334441,190,221,40372
452.254946909,502.848623729,190,221,40405
450.916873592,503.716913018,190,221,40438
449.578800274,504.585202306,190,221,40471
448.240726957,505.453491595,190,221,40504
446.90265364,506.321780883,190,221,40537
445.564580323,507.190070171,190,221,40570
444.226507005,508.05835946,190,221,40603
442.888433688,508.926648748,190,221,40636
441.550360371,509.794938036,190,221,40669
440.129846641,510.666689789,189,222,40702
438.625884127,511.540349037,188,223,40735
437.037512742,512.414332568,187,224,40768
435.363821406,511.545635321,186,225,40801
433.683875396,510.748156754,185,226,40834
431.999533491,510.020746095,184,227,40867
430.312631258,509.362207928,183,228,40900
428.625729026,508.703669761,183,228,40933
426.938826794,508.045131594,183,228,40966
425.251924562,507.386593428,183,228,40999
423.56502233,506.728055261,183,228,41032
421.878120098,506.069517094,183,228,41065
420.191217866,505.410978927,183,228,41098
418.504315633,504.75244076,183,228,41131
416.817413401,504.093902593,183,228,41164
415.130511169,503.435364426,183,228,41197
413.443608937,502.776826259,183,228,41230
411.756706705,502.118288092,183,228,41263
410.069804473,501.459749925,183,228,41296
408.38290224,500.801211759,183,228,41329
406.696000008,500.142673592,183,228,41362
405.009097776,499.484135425,183,228,41395
403.322195544,498.825597258,183,228,41428
401.635293312,498.167059091,183,228,41461
399.94839108,497.508520924,183,228,41494
398.261488847,496.849982757,183,228,41527
396.574586615,496.19144459,183,228,41560
394.887684383,495.532906423,183,228,41593
393.200782151,494.874368257,183,228,41626
391.513879919,494.21583009,183,228,41659
389.826977687,493.557291923,183,228,41692
388.140075454,492.898753756,183,228,41725
386.453173222,492.240215589,183,228,41758
384.76627099,491.581677422,183,228,41791
383.079368758,490.923139255,183,228,41824
381.392466526,490.264601088,183,228,41857
379.705564294,489.606062921,183,228,41890
378.018662061,488.947524755,183,228,41923
376.331759829,488.288986588,183,228,41956
374.644857597,487.630448421,183,228,41989
372.957955365,486.971910254,183,228,42022
371.271053133,486.313372087,183,228,42055
369.584150901,485.65483392,183,228,42088
367.897248668,484.996295753,183,228,42121
366.210346436,484.337757586,183,228,42154
364.523444204,483.679219419,183,228,42187
362.836541972,483.020681253,183,228,42220
361.14963974,482.362143086,183,228,42253
359.462737508,481.703604919,183,228,42286
357.775835276,481.045066752,183,228,42319
356.088933043,480.386528585,183,228,42352
354.402030811,479.727990418,183,228,42385
352.715128579,479.069452251,183,228,42418
351.028226347,478.410914084,183,228,42451
349.341324115,477.752375917,183,228,42484
347.654421883,477.093837751,183,228,42517
345.96751965,476.435299584,183,228,42550
344.280617418,475.776761417,183,228,42583
342.593715186,475.11822325,183,228,42616
340.906812954,474.459685083,183,228,42649
339.219910722,473.801146916,183,228,42682
337.53300849,473.142608749,183,228,42715
335.846106257,472.484070582,183,228,42748
334.159204025,471.825532415,183,228,42781
332.472301793,471.166994248,183,228,42814
330.785399561,470.508456082,183,228,42847
329.098497329,469.849917915,183,228,42880
327.411595097,469.191379748,183,228,42913
325.724692864,468.532841581,183,228,42946
324.037790632,467.874303414,183,228,42979
322.3508884,467.215765247,183,228,43012
320.663986168,466.55722708,183,228,43045
318.977083936,465.898688913,183,228,43078
317.290181704,465.240150746,183,228,43111
315.603279471,464.58161258,183,228,43144
313.916377239,463.923074413,183,228,43177
312.229475007,463.264536246,183,228,43210
310.542572775,462.605998079,183,228,43243
308.855670543,461.947459912,183,228,43276
307.168768311,461.288921745,183,228,43309
305.481866078,460.630383578,183,228,43342
303.794963846,459.971845411,183,228,43375
302.108061614,459.313307244,183,228,43408
300.421159382,458.654769078,183,228,43441
298.73425715,457.996230911,183,228,43474
297.047354918,457.337692744,183,228,43507
295.360452686,456.679154577,183,228,43540
293.673550453,456.02061641,183,228,43573
291.986648221,455.362078243,183,228,43606
290.299745989,454.703540076,183,228,43639
288.612843757,454.045001909,183,228,43672
286.925941525,453.386463742,183,228,43705
285.239039293,452.727925576,183,228,43738
283.55213706,452.069387409,183,228,43771
281.865234828,451.410849242,183,228,43804
280.178332596,450.752311075,183,228,43837
278.491430364,450.093772908,183,228,43870
276.804528132,449.435234741,183,228,43903
275.1176259,448.776696574,183,228,43936
273.430723667,448.118158407,183,228,43969
271.743821435,447.45962024,183,228,44002
270.056919203,446.801082073,183,228,44035
268.370016971,446.142543907,183,228,44068
266.683114739,445.48400574,183,228,44101
264.996212507,444.825467573,183,228,44134
263.309310274,444.166929406,183,228,44167
261.622408042,443.508391239,183,228,44200
259.93550581,442.849853072,183,228,44233
258.248603578,442.191314905,183,228,44266
256.561701346,441.532776738,183,228,44299
254.874799114,440.874238571,183,228,44332
253.187896881,440.215700405,183,228,44365
251.500994649,439.557162238,183,228,44398
249.814092417,438.898624071,183,228,44431
248.127190185,438.240085904,183,228,44464
246.440287953,437.581547737,183,228,44497
244.753385721,436.92300957,183,228,44530
243.066483489,436.264471403,183,228,44563
241.379581256,435.605933236,183,228,44596
239.692679024,434.947395069,183,228,44629
238.005776792,434.288856903,183,228,44662
236.31887456,433.630318736,183,228,44695
234.631972328,432.971780569,183,228,44728
232.945070096,432.313242402,183,228,44761
231.258167863,431.654704235,183,228,44794
229.571265631,430.996166068,183,228,44827
227.884363399,430.337627901,183,228,44860
226.197461167,429.679089734,183,228,44893
224.510558935,429.020551567,183,228,44926
222.823656703,428.362013401,183,228,44959
221.13675447,427.703475234,183,228,44992
219.449852238,427.044937067,183,228,45025
217.762950006,426.3863989,183,228,45058
216.076047774,425.727860733,183,228,45091
214.389145542,425.069322566,183,228,45124
212.70224331,424.410784399,183,228,45157
211.015341077,423.752246232,183,228,45190
209.328438845,423.093708065,183,228,45223
207.64409694,422.366297406,184,227,45256
205.96415093,421.56881884,185,226,45289
204.290459594,420.700121593,186,225,45322
202.702088208,421.574105124,187,224,45355
201.113716823,422.448088655,187,224,45388
199.525345438,423.322072186,187,224,45421
197.936974052,424.196055717,187,224,45454
196.348602667,425.070039248,187,224,45487
194.760231281,425.944022779,187,224,45520
193.171859896,426.81800631,187,224,45553
191.583488511,427.691989841,187,224,45586
189.995117125,428.565973372,187,224,45619
188.40674574,429.439956903,187,224,45652
186.818374355,430.313940434,187,224,45685
185.230002969,431.187923965,187,224,45718
183.641631584,432.061907496,187,224,45751
182.053260198,432.935891027,187,224,45784
180.464888813,433.809874558,187,224,45817
178.876517428,434.683858089,187,224,45850
177.288146042,435.55784162,187,224,45883
175.699774657,436.431825151,187,224,45916
174.111403271,437.305808682,187,224,45949
172.523031886,438.179792213,187,224,45982
170.84934055,437.311094966,186,225,46015
169.16939454,436.5136164,185,226,46048
167.485052635,435.78620574,184,227,46081
165.798150402,435.127667574,183,228,46114
164.110499239,434.536762641,182,229,46147
162.422848075,433.945857708,182,229,46180
160.735196912,433.354952775,182,229,46213
159.047545749,432.764047842,182,229,46246
157.359894585,432.173142909,182,229,46279
155.672243422,431.582237977,182,229,46312
153.984592258,430.991333044,182,229,46345
152.296941095,430.400428111,182,229,46378
150.609289931,429.809523178,182,229,46411
148.921638768,429.218618245,182,229,46444
147.233987604,428.627713312,182,229,46477
145.546336441,428.03680838,182,229,46510
143.858685277,427.445903447,182,229,46543
142.171034114,426.854998514,182,229,46576
140.48338295,426.264093581,182,229,46609
138.795731787,425.673188648,182,229,46642
137.108080623,425.082283715,182,229,46675
135.42042946,424.491378783,182,229,46708
133.732778296,423.90047385,182,229,46741
132.045127133,423.309568917,182,229,46774
130.357475969,422.718663984,182,229,46807
128.669824806,422.127759051,182,229,46840
126.982173642,421.536854118,182,229,46873
125.294522479,420.945949186,182,229,46906
123.606871316,420.355044253,182,229,46940
121.919220152,419.76413932,182,229,46973
120.231568989,419.173234387,182,229,47006
118.543917825,418.582329454,182,229,47039
116.856266662,417.991424522,182,229,47072
115.168615498,417.400519589,182,229,47105
113.480964335,416.809614656,182,229,47138
111.793313171,416.218709723,182,229,47171
110.105662008,415.62780479,182,229,47204
108.418010844,415.036899857,182,229,47237
106.730359681,414.445994925,182,229,47270
105.042708517,413.855089992,182,229,47303
103.355057354,413.264185059,182,229,47336
101.66740619,412.673280126,182,229,47369
99.9797550269,412.082375193,182,229,47402
98.2921038634,411.49147026,182,229,47435
96.6044526999,410.900565328,182,229,47468
94.9168015365,410.309660395,182,229,47501
93.229150373,409.718755462,182,229,47534
91.5414992095,409.127850529,182,229,47567
89.853848046,408.536945596,182,229,47600
88.1661968826,407.946040663,182,229,47633
86.4785457191,407.355135731,182,229,47666
84.7908945556,406.764230798,182,229,47699
83.1032433921,406.173325865,182,229,47732
81.4155922287,405.582420932,182,229,47765
79.7279410652,404.991515999,182,229,47798
78.0402899017,404.400611066,182,229,47831
76.3526387382,403.809706134,182,229,47864
74.6649875748,403.218801201,182,229,47897
72.9773364113,402.627896268,182,229,47930
71.2896852478,402.036991335,182,229,47963
69.6020340843,401.446086402,182,229,47996
67.9143829209,400.855181469,182,229,48029
66.2267317574,400.264276537,182,229,48062
64.5390805939,399.673371604,182,229,48095
62.8514294304,399.082466671,182,229,48128
61.163778267,398.491561738,182,229,48161
59.4761271035,397.900656805,182,229,48194
57.78847594,397.309751873,182,229,48227
56.1008247765,396.71884694,182,229,48260
54.4131736131,396.127942007,182,229,48293
52.7255224496,395.537037074,182,229,48326
51.0378712861,394.946132141,182,229,48359
49.3502201226,394.355227208,182,229,48392
47.6625689592,393.764322276,182,229,48425
45.9749177957,393.173417343,182,229,48458
44.2872666322,392.58251241,182,229,48491
42.5996154687,391.991607477,182,229,48524
40.9119643053,391.400702544,182,229,48557
39.2243131418,390.809797611,182,229,48590
37.5366619783,390.218892679,182,229,48623
35.8490108148,389.627987746,182,229,48656
34.1613596514,389.037082813,182,229,48689
32.4737084879,388.44617788,182,229,48722
30.7860573244,387.855272947,182,229,48755
29.0984061609,387.264368014,182,229,48788
27.4107549975,386.673463082,182,229,48821
25.723103834,386.082558149,182,229,48854
24.0354526705,385.491653216,182,229,48887
22.347801507,384.900748283,182,229,48920
20.6601503436,384.30984335,182,229,48953
18.9724991801,383.718938417,182,229,48986
17.2848480166,383.128033485,182,229,49019
15.5971968531,382.537128552,182,229,49052
13.9095456897,381.946223619,182,229,49085
12.2218945262,381.355318686,182,229,49118
10.5342433627,380.764413753,182,229,49151
8.84659219923,380.173508821,182,229,49184
7.15894103575,379.582603888,182,229,49217
5.47128987228,378.991698955,182,229,49250
3.7836387088,378.400794022,182,229,49283
2.09598754533,377.809889089,182,229,49316
0.408336381853,377.218984156,182,229,49349
0,376.628079224,182,229,49382
0,376.037174291,182,229,49416
0,375.446269358,182,229,49449
0,374.855364425,182,229,49482
0,374.264459492,182,229,49515
0,373.673554559,182,229,49549
0,373.082649627,182,229,49582
0,372.491744694,182,229,49683
