350,500,10,10,43
350,500,10,10,96
350,500,10,10,141
350,500,10,10,187
350,500,10,10,230
350,500,10,10,274
350,500,10,10,319
350,500,10,10,365
350,500,10,10,410
350,500,10,10,452
350,500,10,10,494
350,500,10,10,539
350,500,10,10,583
350,500,10,10,628
350,500,10,10,673
350,500,10,10,713
350,500,10,10,753
350,500,10,10,793
350,500,10,10,833
350,500,10,10,873
350,500,10,10,913
350,500,10,10,953
350,500,10,10,993
350,500,10,10,1033
350,500,10,10,1073
350,500,10,10,1113
350,500,10,10,1153
350,500,10,10,1193
350,500,10,9,1235
350,500,10,8,1277
350,500,10,7,1322
350,500,10,6,1368
350,500,10,5,1412
350,500,10,4,1456
350,500,10,3,1500
350,500,10,2,1544
350,500,10,1,1588
350,500,10,0,1633
350,500,10,359,1678
350,500,10,358,1719
350,500,10,357,1761
350,500,10,356,1808
350,500,10,355,1856
350,500,10,354,1896
350,500,10,353,1936
350,500,10,352,1976
350,500,10,351,2016
350,500,10,350,2056
350,500.015778523,10,349,2096
350,500.074883279,10,348,2136
350.00618129,500.17671246,10,347,2176
350.038059405,500.320615491,10,346,2216
350.097458583,500.505893369,10,345,2256
350.186186206,500.73179901,10,344,2296
350.306031678,500.997537635,10,343,2336
350.458765312,501.302267173,10,342,2376
350.646137227,501.645098692,10,341,2416
350.869876248,502.025096849,10,340,2457
351.13168883,502.441280368,10,339,2497
351.433257973,502.892622546,10,338,2537
351.776242166,503.37805177,10,337,2577
352.16227433,503.896452069,10,336,2617
352.592960778,504.446663685,10,335,2657
353.069880186,505.027483663,10,334,2697
353.546799593,505.608303641,10,334,2738
354.023719001,506.189123619,10,334,2778
354.532976655,506.80216894,11,333,2818
355.076145231,507.446421244,12,332,2858
355.654771448,508.120819936,13,331,2898
356.270375075,508.824262789,14,330,2939
356.924447953,509.555606563,15,329,2980
357.618453024,510.313667652,16,328,3021
358.353823388,511.097222746,17,327,3065
359.131961355,511.905009519,18,326,3109
359.954237531,512.735727331,19,325,3153
360.821989906,513.588037961,20,324,3200
361.736522966,514.460566348,21,323,3246
362.699106813,515.351901359,22,322,3290
363.710976312,516.260596574,23,321,3336
364.773330243,517.185171091,24,320,3380
365.887330485,518.124110349,25,319,3422
367.054101201,519.075866966,26,318,3468
368.274728056,520.038861604,27,317,3511
369.550257444,521.011483838,28,316,3556
370.881695738,520.034874621,29,315,3601
372.190081917,519.12024369,30,314,3648
373.473670381,518.266475956,31,313,3693
374.730747636,517.472414495,32,312,3738
375.959633215,516.736861329,33,311,3778
377.158680587,516.058578234,34,310,3818
378.326278044,515.43628756,35,309,3856
379.460849574,514.868673073,36,308,3892
380.560855713,514.354380818,37,307,3930
381.624794374,513.892019992,38,306,3968
382.651201664,513.480163842,39,305,4006
383.638652674,513.117350579,40,304,4044
384.585762256,512.802084303,41,303,4082
385.49118577,512.532835954,42,302,4119
386.35361982,512.308044268,43,301,4157
387.171802959,512.126116755,44,300,4195
387.944516384,511.985430692,45,299,4233
388.670584597,511.884334128,46,298,4271
389.348876052,511.821146902,47,297,4312
389.978303776,511.79416168,48,296,4355
390.557825969,511.79416168,49,295,4397
391.086446581,511.79416168,50,294,4439
391.563215861,511.79416168,51,293,4482
391.987230894,511.79416168,52,292,4525
392.357636099,511.79416168,53,291,4567
392.728041305,511.79416168,53,291,4609
393.09844651,511.79416168,53,291,4650
393.468851715,511.79416168,53,291,4694
393.83925692,511.79416168,53,291,4739
394.209662125,511.79416168,53,291,4781
394.580067331,511.79416168,53,291,4819
394.950472536,511.79416168,53,291,4858
395.320877741,511.79416168,53,291,4896
395.691282946,511.79416168,53,291,4934
396.061688152,511.79416168,53,291,4972
396.432093357,511.79416168,53,291,5010
396.802498562,511.79416168,53,291,5048
397.172903767,511.79416168,53,291,5086
397.587356519,511.79416168,53,292,5124
398.044785206,511.79416168,53,293,5162
398.544073857,511.79416168,53,294,5200
399.084062714,511.752825393,53,295,5238
399.663548822,511.665256146,53,296,5276
400.281286649,511.529903918,53,297,5314
400.935988723,511.345248341,53,298,5352
401.590690797,511.160592764,53,298,5390
402.245392872,510.975937187,53,298,5428
402.900094946,510.79128161,53,298,5466
403.55479702,510.606626033,53,298,5504
404.209499095,510.421970457,53,298,5542
404.864201169,510.23731488,53,298,5582
405.518903243,510.052659303,53,298,5625
406.173605317,509.868003726,53,298,5666
406.828307392,509.683348149,53,298,5709
407.483009466,509.498692573,53,298,5756
408.13771154,509.314036996,53,298,5796
408.792413615,509.129381419,53,298,5839
409.447115689,508.944725842,53,298,5885
410.101817763,508.760070265,53,298,5927
410.756519837,508.575414688,53,298,5969
411.411221912,508.390759112,53,298,6012
412.065923986,508.206103535,53,298,6055
412.72062606,508.021447958,53,298,6097
413.375328135,507.836792381,53,298,6140
414.030030209,507.652136804,53,298,6183
414.684732283,507.467481227,53,298,6226
415.339434358,507.282825651,53,298,6268
415.994136432,507.098170074,53,298,6310
416.648838506,506.913514497,53,298,6352
417.30354058,506.72885892,53,298,6393
417.958242655,506.544203343,53,298,6436
418.612944729,506.359547766,53,298,6478
419.267646803,506.17489219,53,298,6521
419.922348878,505.990236613,53,298,6563
420.577050952,505.805581036,53,298,6606
421.231753026,505.620925459,53,298,6648
421.8864551,505.436269882,53,298,6689
422.541157175,505.251614305,53,298,6731
423.195859249,505.066958729,53,298,6776
423.850561323,504.882303152,53,298,6815
424.505263398,504.697647575,53,298,6855
425.159965472,504.512991998,53,298,6897
425.814667546,504.328336421,53,298,6940
426.469369621,504.143680844,53,298,6983
427.124071695,503.959025268,53,298,7026
427.778773769,503.774369691,53,298,7067
428.433475843,503.589714114,53,298,7111
429.088177918,503.405058537,53,298,7154
429.742879992,503.22040296,53,298,7196
430.397582066,503.035747383,53,298,7238
431.052284141,502.851091807,53,298,7281
431.706986215,502.66643623,53,298,7324
432.361688289,502.481780653,53,298,7367
433.052025858,502.246332008,53,299,7409
433.776629572,501.958632195,53,300,7451
434.534090187,501.617255698,53,301,7494
435.322959287,501.220810527,53,302,7537
436.141750036,500.76793915,53,303,7577
436.960540785,500.315067774,53,303,7619
437.779331534,499.862196397,53,303,7662
438.598122283,499.40932502,53,303,7705
439.416913032,498.956453644,53,303,7748
440.235703781,498.503582267,53,303,7791
441.054494529,498.05071089,53,303,7833
441.873285278,497.597839514,53,303,7876
442.692076027,497.144968137,53,303,7920
443.510866776,496.69209676,53,303,7961
444.329657525,496.239225384,53,303,8003
445.148448274,495.786354007,53,303,8043
445.967239023,495.33348263,53,303,8083
446.786029771,494.880611253,53,303,8123
447.60482052,494.427739877,53,303,8167
448.423611269,493.9748685,53,303,8208
449.242402018,493.521997123,53,303,8249
450.061192767,493.069125747,53,303,8291
450.879983516,492.61625437,53,303,8333
451.698774265,492.163382993,53,303,8377
452.517565013,491.710511617,53,303,8419
453.336355762,491.25764024,53,303,8457
454.155146511,490.804768863,53,303,8495
454.97393726,490.351897487,53,303,8533
455.792728009,489.89902611,53,303,8571
456.611518758,489.446154733,53,303,8609
457.430309507,488.993283357,53,303,8647
458.249100255,488.54041198,53,303,8685
459.067891004,488.087540603,53,303,8723
459.886681753,487.634669226,53,303,8761
460.705472502,487.18179785,53,303,8799
461.524263251,486.728926473,53,303,8837
462.343054,486.276055096,53,303,8875
463.161844749,485.82318372,53,303,8913
463.980635497,485.370312343,53,303,8951
464.799426246,484.917440966,53,303,8989
465.618216995,484.46456959,53,303,9027
466.437007744,484.011698213,53,303,9065
467.255798493,483.558826836,53,303,9103
468.074589242,483.10595546,53,303,9141
468.893379991,482.653084083,53,303,9184
469.712170739,482.200212706,53,303,9227
470.530961488,481.747341329,53,303,9269
471.349752237,481.294469953,53,303,9312
472.168542986,480.841598576,53,303,9354
472.987333735,480.388727199,53,303,9394
473.806124484,479.935855823,53,303,9435
474.624915233,479.482984446,53,303,9477
475.443705981,479.030113069,53,303,9521
476.26249673,478.577241693,53,303,9563
477.081287479,478.124370316,53,303,9606
477.900078228,477.671498939,53,303,9649
478.718868977,477.218627563,53,303,9693
479.537659726,476.765756186,53,303,9737
480.356450475,476.312884809,53,303,9779
481.175241223,475.860013432,53,303,9828
481.994031972,475.407142056,53,303,9866
482.812822721,474.954270679,53,303,9904
483.63161347,474.501399302,53,303,9942
484.450404219,474.048527926,53,303,9980
485.269194968,473.595656549,53,303,10018
486.087985717,473.142785172,53,303,10056
486.906776465,472.689913796,53,303,10094
487.725567214,472.237042419,53,303,10132
488.544357963,471.784171042,53,303,10170
489.363148712,471.331299666,53,303,10208
490.181939461,470.878428289,53,303,10246
491.00073021,470.425556912,53,303,10284
491.819520959,469.972685535,53,303,10322
492.638311707,469.519814159,53,303,10360
493.457102456,469.066942782,53,303,10398
494.275893205,468.614071405,53,303,10436
495.094683954,468.161200029,53,303,10474
495.913474703,467.708328652,53,303,10512
496.732265452,467.255457275,53,303,10550
497.551056201,466.802585899,53,303,10588
498.369846949,466.349714522,53,303,10626
499.188637698,465.896843145,53,303,10665
500.007428447,465.443971769,53,303,10704
500.826219196,464.991100392,53,303,10747
501.645009945,464.538229015,53,303,10790
502.463800694,464.085357639,53,303,10835
503.282591443,463.632486262,53,303,10873
504.101382191,463.179614885,53,303,10911
504.880907956,462.77054292,54,302,10949
505.61990369,462.403751695,55,301,10987
506.317145548,462.077691975,56,300,11025
506.971451565,461.79078494,57,299,11063
507.581682311,461.541423181,58,298,11101
508.146741527,461.327971698,59,297,11139
508.66557673,461.148768931,60,296,11175
509.137179809,461.002127781,61,295,11213
509.560587586,460.886336663,62,294,11251
509.93488236,460.79966056,63,293,11289
510.25919243,460.740342089,64,292,11327
510.532692586,460.706602584,65,291,11365
510.754604586,460.696643181,66,290,11403
510.924197603,460.696643181,67,289,11441
511.04078865,460.696643181,68,288,11479
511.10374298,460.696643181,69,287,11517
511.112474462,460.696643181,70,286,11555
511.112474462,460.696643181,71,285,11593
511.112474462,460.696643181,72,284,11631
511.112474462,460.696643181,73,283,11669
511.112474462,460.696643181,74,282,11707
511.112474462,460.696643181,75,281,11745
511.112474462,460.696643181,76,280,11783
511.112474462,460.696643181,77,279,11821
511.112474462,460.696643181,78,278,11859
511.112474462,460.696643181,79,277,11897
511.112474462,460.696643181,80,276,11936
511.112474462,460.696643181,81,275,11977
511.112474462,460.696643181,82,274,12020
511.112474462,460.696643181,83,273,12062
511.112474462,460.696643181,84,272,12105
511.112474462,460.696643181,85,271,12146
511.112474462,460.696643181,86,270,12190
511.112474462,460.696643181,87,269,12233
511.112474462,460.696643181,88,268,12276
511.112474462,460.696643181,89,267,12319
511.112474462,460.685141742,90,266,12363
511.112474462,460.68063898,91,265,12407
511.112474462,460.68063898,92,264,12448
511.112474462,460.68063898,93,263,12491
511.112474462,460.68063898,94,262,12530
511.112474462,460.68063898,95,261,12568
511.112474462,460.68063898,96,260,12606
511.112474462,460.677715891,97,259,12644
511.112474462,460.668363888,98,258,12682
511.112474462,460.650690257,99,257,12720
511.112474462,460.622812142,100,256,12758
511.112474462,460.5828577,101,255,12796
511.112474462,460.528967239,102,254,12834
511.086230807,460.459294356,103,253,12872
511.008440444,460.372007067,104,252,12910
510.879726302,460.265288934,105,251,12948
510.700758917,460.137340173,106,250,12986
510.472256033,459.986378766,107,249,13024
510.194982186,459.810641558,108,248,13062
509.869748258,459.608385344,109,247,13100
509.497411007,459.377887949,110,246,13138
509.078872575,459.117449295,111,245,13176
508.615079978,458.825392462,112,244,13214
508.10702456,458.500064728,113,243,13254
507.555741438,458.139838609,114,242,13297
506.962308918,457.743112878,115,241,13339
506.327847887,457.308313577,116,240,13383
505.653521185,456.833895009,117,239,13425
504.940532959,456.318340724,118,238,13467
504.190127988,455.760164484,119,237,13512
503.403590992,455.157911222,120,236,13558
502.582245921,454.510157974,121,235,13602
501.727455218,453.815514808,122,234,13645
500.84061907,453.072625725,123,233,13687
499.923174628,452.280169557,124,232,13730
498.976595218,451.436860836,125,231,13772
498.002389528,450.541450652,126,230,13816
497.046688573,449.710929865,126,231,13862
496.11122561,448.944206811,126,232,13905
495.197701246,448.240149324,126,233,13948
494.307782552,447.597585546,126,234,13991
493.443102205,447.015304758,126,235,14034
492.605257641,446.492058223,126,236,14076
491.795810228,446.026560053,126,237,14117
491.016284463,445.617488088,126,238,14159
490.268167185,445.263484797,126,239,14202
489.552906807,444.963158191,126,240,14245
488.837646429,444.662831585,126,240,14287
488.12238605,444.362504978,126,240,14330
487.407125672,444.062178372,126,240,14372
486.691865294,443.761851766,126,240,14415
485.976604916,443.46152516,126,240,14456
485.261344538,443.161198553,126,240,14496
484.54608416,442.860871947,126,240,14535
483.830823782,442.560545341,126,240,14579
483.115563404,442.260218734,126,240,14620
482.400303026,441.959892128,126,240,14665
481.685042648,441.659565522,126,240,14706
480.96978227,441.359238916,126,240,14748
480.254521892,441.058912309,126,240,14788
479.539261514,440.758585703,126,240,14832
478.824001136,440.458259097,126,240,14880
478.108740758,440.157932491,126,240,14924
477.39348038,439.857605884,126,240,14966
476.678220002,439.557279278,126,240,15010
475.962959624,439.256952672,126,240,15053
475.247699246,438.956626065,126,240,15094
474.532438868,438.656299459,126,240,15138
473.81717849,438.355972853,126,240,15181
473.101918112,438.055646247,126,240,15223
472.386657734,437.75531964,126,240,15266
471.671397356,437.454993034,126,240,15309
470.956136978,437.154666428,126,240,15351
470.2408766,436.854339822,126,240,15393
469.525616222,436.554013215,126,240,15435
468.810355843,436.253686609,126,240,15477
468.095095465,435.953360003,126,240,15518
467.379835087,435.653033396,126,240,15561
466.664574709,435.35270679,126,240,15603
465.949314331,435.052380184,126,240,15645
465.234053953,434.752053578,126,240,15687
464.518793575,434.451726971,126,240,15728
463.803533197,434.151400365,126,240,15767
463.088272819,433.851073759,126,240,15808
462.373012441,433.550747153,126,240,15851
461.657752063,433.250420546,126,240,15893
460.942491685,432.95009394,126,240,15931
460.227231307,432.649767334,126,240,15969
459.511970929,432.349440728,126,240,16007
458.796710551,432.049114121,126,240,16044
458.081450173,431.748787515,126,240,16082
457.366189795,431.448460909,126,240,16120
456.650929417,431.148134302,126,240,16159
455.935669039,430.847807696,126,240,16196
455.220408661,430.54748109,126,240,16234
454.505148283,430.247154484,126,240,16272
453.789887905,429.946827877,126,240,16310
453.074627527,429.646501271,126,240,16353
452.359367149,429.346174665,126,240,16396
451.644106771,429.045848059,126,240,16437
450.928846393,428.745521452,126,240,16481
450.213586015,428.445194846,126,240,16524
449.498325637,428.14486824,126,240,16569
448.783065258,427.844541633,126,240,16611
448.06780488,427.544215027,126,240,16653
447.352544502,427.243888421,126,240,16695
446.637284124,426.943561815,126,240,16737
445.922023746,426.643235208,126,240,16781
445.206763368,426.342908602,126,240,16823
444.49150299,426.042581996,126,240,16866
443.776242612,425.74225539,126,240,16909
443.060982234,425.441928783,126,240,16951
442.345721856,425.141602177,126,240,16993
441.630461478,424.841275571,126,240,17033
440.9152011,424.540948964,126,240,17073
440.199940722,424.240622358,126,240,17115
439.484680344,423.940295752,126,240,17155
438.769419966,423.639969146,126,240,17196
438.054159588,423.339642539,126,240,17238
437.33889921,423.039315933,126,240,17280
436.623638832,422.738989327,126,240,17324
435.908378454,422.438662721,126,240,17368
435.193118076,422.138336114,126,240,17410
434.477857698,421.838009508,126,240,17452
433.76259732,421.537682902,126,240,17495
433.047336942,421.237356296,126,240,17536
432.332076564,420.937029689,126,240,17578
431.616816186,420.636703083,126,240,17620
430.901555808,420.336376477,126,240,17664
430.18629543,420.03604987,126,240,17705
429.471035051,419.735723264,126,240,17746
428.755774673,419.435396658,126,240,17788
428.040514295,419.135070052,126,240,17829
427.325253917,418.834743445,126,240,17870
426.609993539,418.534416839,126,240,17917
425.894733161,418.234090233,126,240,17960
425.179472783,417.933763627,126,240,18001
424.464212405,417.63343702,126,240,18041
423.748952027,417.333110414,126,240,18084
423.033691649,417.032783808,126,240,18127
422.318431271,416.732457201,126,240,18167
421.603170893,416.432130595,126,240,18210
420.887910515,416.131803989,126,240,18251
420.172650137,415.831477383,126,240,18293
419.457389759,415.531150776,126,240,18332
418.742129381,415.23082417,126,240,18372
418.026869003,414.930497564,126,240,18415
417.311608625,414.630170958,126,240,18458
416.596348247,414.329844351,126,240,18499
415.881087869,414.029517745,126,240,18543
415.165827491,413.729191139,126,240,18585
414.450567113,413.428864532,126,240,18627
413.735306735,413.128537926,126,240,18670
413.020046357,412.82821132,126,240,18711
412.304785979,412.527884714,126,240,18752
411.589525601,412.227558107,126,240,18794
410.874265223,411.927231501,126,240,18836
410.159004844,411.626904895,126,240,18879
409.443744466,411.326578289,126,240,18925
408.728484088,411.026251682,126,240,18967
408.01322371,410.725925076,126,240,19010
407.297963332,410.42559847,126,240,19052
406.582702954,410.125271864,126,240,19090
405.867442576,409.824945257,126,240,19127
405.152182198,409.524618651,126,240,19165
404.43692182,409.224292045,126,240,19203
403.721661442,408.923965438,126,240,19241
403.006401064,408.623638832,126,240,19278
402.291140686,408.323312226,126,240,19316
401.575880308,408.02298562,126,240,19354
400.86061993,407.722659013,126,240,19392
400.145359552,407.422332407,126,240,19429
399.430099174,407.122005801,126,240,19467
398.714838796,406.821679195,126,240,19505
397.999578418,406.521352588,126,240,19542
397.28431804,406.221025982,126,240,19580
396.569057662,405.920699376,126,240,19620
395.853797284,405.620372769,126,240,19661
395.138536906,405.320046163,126,240,19704
394.423276528,405.019719557,126,240,19747
393.70801615,404.719392951,126,240,19788
392.992755772,404.419066344,126,240,19830
392.277495394,404.118739738,126,240,19873
391.562235016,403.818413132,126,240,19917
390.846974638,403.518086526,126,240,19962
390.131714259,403.217759919,126,240,20000
389.416453881,402.917433313,126,240,20038
388.701193503,402.617106707,126,240,20076
387.985933125,402.3167801,126,240,20113
387.270672747,402.016453494,126,240,20151
386.555412369,401.716126888,126,240,20189
385.840151991,401.415800282,126,240,20226
385.124891613,401.115473675,126,240,20264
384.409631235,400.815147069,126,240,20302
383.694370857,400.514820463,126,240,20340
382.979110479,400.214493857,126,240,20378
382.263850101,399.91416725,126,240,20415
381.548589723,399.613840644,126,240,20453
380.833329345,399.313514038,126,240,20491
380.118068967,399.013187432,126,240,20529
379.402808589,398.712860825,126,240,20567
378.687548211,398.412534219,126,240,20604
377.972287833,398.112207613,126,240,20642
377.257027455,397.811881006,126,240,20680
376.541767077,397.5115544,126,240,20717
375.826506699,397.211227794,126,240,20755
375.111246321,396.910901188,126,240,20793
374.395985943,396.610574581,126,240,20831
373.680725565,396.310247975,126,240,20869
372.965465187,396.009921369,126,240,20909
372.250204809,395.709594763,126,240,20955
371.534944431,395.409268156,126,240,20993
370.819684052,395.10894155,126,240,21031
370.104423674,394.808614944,126,240,21069
369.389163296,394.508288337,126,240,21106
368.673902918,394.207961731,126,240,21144
367.95864254,393.907635125,126,240,21182
367.243382162,393.607308519,126,240,21219
366.528121784,393.306981912,126,240,21257
365.812861406,393.006655306,126,240,21295
365.097601028,392.7063287,126,240,21333
364.38234065,392.406002094,126,240,21370
363.667080272,392.105675487,126,240,21408
362.951819894,391.805348881,126,240,21446
362.236559516,391.505022275,126,240,21484
361.521299138,391.204695669,126,240,21522
360.80603876,390.904369062,126,240,21559
360.090778382,390.604042456,126,240,21597
359.375518004,390.30371585,126,240,21635
358.660257626,390.003389243,126,240,21673
357.944997248,389.703062637,126,240,21710
357.22973687,389.402736031,126,240,21748
356.514476492,389.102409425,126,240,21786
355.799216114,388.802082818,126,240,21824
355.083955736,388.501756212,126,240,21861
354.368695358,388.201429606,126,240,21899
353.65343498,387.901103,126,240,21937
352.938174602,387.600776393,126,240,21975
352.222914224,387.300449787,126,240,22013
351.507653845,387.000123181,126,240,22050
350.792393467,386.699796574,126,240,22087
350.077133089,386.399469968,126,240,22124
349.361872711,386.099143362,126,240,22163
348.646612333,385.798816756,126,240,22205
347.931351955,385.498490149,126,240,22248
347.216091577,385.198163543,126,240,22290
346.500831199,384.897836937,126,240,22331
345.785570821,384.597510331,126,240,22374
345.070310443,384.297183724,126,240,22419
344.355050065,383.996857118,126,240,22460
343.639789687,383.696530512,126,240,22504
342.924529309,383.396203905,126,240,22546
342.209268931,383.095877299,126,240,22587
341.494008553,382.795550693,126,240,22628
340.778748175,382.495224087,126,240,22671
340.063487797,382.19489748,126,240,22714
339.348227419,381.894570874,126,240,22755
338.632967041,381.594244268,126,240,22798
337.917706663,381.293917662,126,240,22839
337.202446285,380.993591055,126,240,22881
336.487185907,380.693264449,126,240,22924
335.771925529,380.392937843,126,240,22967
335.056665151,380.092611237,126,240,23013
334.341404773,379.79228463,126,240,23055
333.626144395,379.491958024,126,240,23097
332.910884017,379.191631418,126,240,23138
332.195623639,378.891304811,126,240,23180
331.48036326,378.590978205,126,240,23222
330.765102882,378.290651599,126,240,23264
330.049842504,377.990324993,126,240,23307
329.334582126,377.689998386,126,240,23350
328.619321748,377.38967178,126,240,23389
327.90406137,377.089345174,126,240,23429
327.188800992,376.789018568,126,240,23470
326.473540614,376.488691961,126,240,23512
325.758280236,376.188365355,126,240,23555
325.043019858,375.888038749,126,240,23596
324.32775948,375.587712142,126,240,23639
323.612499102,375.287385536,126,240,23680
322.897238724,374.98705893,126,240,23722
322.181978346,374.686732324,126,240,23765
321.466717968,374.386405717,126,240,23807
320.75145759,374.086079111,126,240,23849
320.036197212,373.785752505,126,240,23891
319.320936834,373.485425899,126,240,23933
318.605676456,373.185099292,126,240,23977
317.890416078,372.884772686,126,240,24022
317.1751557,372.58444608,126,240,24066
316.459895322,372.284119473,126,240,24105
315.744634944,371.983792867,126,240,24148
315.029374566,371.683466261,126,240,24190
314.314114188,371.383139655,126,240,24232
313.59885381,371.082813048,126,240,24275
312.883593432,370.782486442,126,240,24317
312.168333053,370.482159836,126,240,24359
311.453072675,370.18183323,126,240,24404
310.737812297,369.881506623,126,240,24445
310.022551919,369.581180017,126,240,24488
309.307291541,369.280853411,126,240,24531
308.592031163,368.980526805,126,240,24572
307.876770785,368.680200198,126,240,24613
307.161510407,368.379873592,126,240,24656
306.446250029,368.079546986,126,240,24695
305.730989651,367.779220379,126,240,24736
305.015729273,367.478893773,126,240,24779
304.300468895,367.178567167,126,240,24821
303.585208517,366.878240561,126,240,24864
302.869948139,366.577913954,126,240,24906
302.154687761,366.277587348,126,240,24948
301.439427383,365.977260742,126,240,24992
300.724167005,365.676934136,126,240,25037
300.008906627,365.376607529,126,240,25079
299.293646249,365.076280923,126,240,25121
298.578385871,364.775954317,126,240,25164
297.863125493,364.47562771,126,240,25206
297.147865115,364.175301104,126,240,25248
296.432604737,363.874974498,126,240,25290
295.717344359,363.574647892,126,240,25332
295.002083981,363.274321285,126,240,25376
294.286823603,362.973994679,126,240,25418
293.571563225,362.673668073,126,240,25461
292.856302846,362.373341467,126,240,25503
292.141042468,362.07301486,126,240,25548
291.42578209,361.772688254,126,240,25589
290.710521712,361.472361648,126,240,25632
289.995261334,361.172035041,126,240,25674
289.280000956,360.871708435,126,240,25717
288.564740578,360.571381829,126,240,25759
287.8494802,360.271055223,126,240,25802
287.134219822,359.970728616,126,240,25846
286.418959444,359.67040201,126,240,25887
285.703699066,359.370075404,126,240,25930
284.988438688,359.069748798,126,240,25969
284.27317831,358.769422191,126,240,26010
283.557917932,358.469095585,126,240,26053
282.842657554,358.168768979,126,240,26091
282.127397176,357.868442373,126,240,26129
281.412136798,357.568115766,126,240,26167
280.69687642,357.26778916,126,240,26205
279.981616042,356.967462554,126,240,26243
279.266355664,356.667135947,126,240,26281
278.551095286,356.366809341,126,240,26319
277.835834908,356.066482735,126,240,26357
277.12057453,355.766156129,126,240,26395
276.405314152,355.465829522,126,240,26433
275.690053774,355.165502916,126,240,26470
274.974793396,354.86517631,126,240,26508
274.259533018,354.564849704,126,240,26546
273.54427264,354.264523097,126,240,26584
272.829012261,353.964196491,126,240,26622
272.113751883,353.663869885,126,240,26660
271.398491505,353.363543278,126,240,26698
270.683231127,353.063216672,126,240,26736
269.967970749,352.762890066,126,240,26774
269.252710371,352.46256346,126,240,26812
268.537449993,352.162236853,126,240,26850
267.822189615,351.861910247,126,240,26888
267.106929237,351.561583641,126,240,26926
266.391668859,351.261257035,126,240,26964
265.676408481,350.960930428,126,240,27002
264.961148103,350.660603822,126,240,27040
264.245887725,350.360277216,126,240,27078
263.530627347,350.059950609,126,240,27116
262.815366969,349.759624003,126,240,27153
262.100106591,349.459297397,126,240,27191
261.384846213,349.158970791,126,240,27229
260.669585835,348.858644184,126,240,27269
259.954325457,348.558317578,126,240,27311
259.239065079,348.257990972,126,240,27353
258.523804701,347.957664366,126,240,27395
257.808544323,347.657337759,126,240,27437
257.093283945,347.357011153,126,240,27481
256.378023567,347.056684547,126,240,27522
255.662763189,346.756357941,126,240,27565
254.947502811,346.456031334,126,240,27606
254.232242433,346.155704728,126,240,27649
253.516982054,345.855378122,126,240,27692
252.801721676,345.555051515,126,240,27734
252.086461298,345.254724909,126,240,27776
251.37120092,344.954398303,126,240,27818
250.655940542,344.654071697,126,240,27860
249.940680164,344.35374509,126,240,27903
249.225419786,344.053418484,126,240,27948
248.510159408,343.753091878,126,240,27989
247.79489903,343.452765272,126,240,28034
247.079638652,343.152438665,126,240,28080
246.364378274,342.852112059,126,240,28125
245.649117896,342.551785453,126,240,28167
244.933857518,342.251458846,126,240,28210
244.21859714,341.95113224,126,240,28252
243.503336762,341.650805634,126,240,28293
242.788076384,341.350479028,126,240,28335
242.072816006,341.050152421,126,240,28379
241.357555628,340.749825815,126,240,28421
240.64229525,340.449499209,126,240,28473
239.927034872,340.149172603,126,240,28512
239.211774494,339.848845996,126,240,28552
238.496514116,339.54851939,126,240,28595
237.781253738,339.248192784,126,240,28636
237.06599336,338.947866178,126,240,28678
236.350732982,338.647539571,126,240,28720
235.635472604,338.347212965,126,240,28764
234.920212226,338.046886359,126,240,28806
234.204951847,337.746559752,126,240,28847
233.489691469,337.446233146,126,240,28891
232.774431091,337.14590654,126,240,28932
232.059170713,336.845579934,126,240,28974
231.343910335,336.545253327,126,240,29018
230.628649957,336.244926721,126,240,29063
229.913389579,335.944600115,126,240,29105
229.198129201,335.644273509,126,240,29147
228.482868823,335.343946902,126,240,29189
227.767608445,335.043620296,126,240,29231
227.052348067,334.74329369,126,240,29275
226.337087689,334.442967083,126,240,29317
225.621827311,334.142640477,126,240,29361
224.906566933,333.842313871,126,240,29403
224.191306555,333.541987265,126,240,29447
223.476046177,333.241660658,126,240,29490
222.804173489,332.980797285,125,241,29534
222.176833271,332.757781801,124,242,29575
221.595126995,332.570971182,123,243,29617
221.060112215,332.418695753,122,244,29661
220.525097435,332.266420323,122,244,29705
219.990082654,332.114144893,122,244,29746
219.455067874,331.961869463,122,244,29786
218.920053094,331.809594034,122,244,29827
218.385038313,331.657318604,122,244,29869
217.850023533,331.505043174,122,244,29912
217.315008753,331.352767744,122,244,29954
216.779993972,331.200492315,122,244,29996
216.244979192,331.048216885,122,244,30037
215.709964412,330.895941455,122,244,30084
215.174949631,330.743666025,122,244,30126
214.639934851,330.591390595,122,244,30168
214.104920071,330.439115166,122,244,30211
213.56990529,330.286839736,122,244,30253
213.03489051,330.134564306,122,244,30295
212.49987573,329.982288876,122,244,30336
211.964860949,329.830013447,122,244,30378
211.429846169,329.677738017,122,244,30422
210.894831389,329.525462587,122,244,30466
210.359816608,329.373187157,122,244,30508
209.824801828,329.220911727,122,244,30549
209.289787048,329.068636298,122,244,30592
208.754772267,328.916360868,122,244,30634
208.219757487,328.764085438,122,244,30676
207.732447242,328.644649898,121,245,30717
207.293809496,328.556334373,120,246,30760
206.904766586,328.497395479,119,247,30803
206.566194708,328.466067382,118,248,30845
206.278923416,328.460562891,117,249,30887
206.043735146,328.460562891,116,250,30928
205.861364769,328.460562891,115,251,30969
205.732499164,328.460562891,114,252,31011
205.657776818,328.460562891,113,253,31051
205.637787447,328.460562891,112,254,31092
205.637787447,328.460562891,111,255,31134
205.637787447,328.460562891,110,256,31177
205.637787447,328.460562891,109,257,31219
205.637787447,328.460562891,108,258,31262
205.637787447,328.460562891,107,259,31305
205.637787447,328.460562891,106,260,31346
205.637787447,328.460562891,105,261,31388
205.637787447,328.460562891,104,262,31431
205.637787447,328.460562891,103,263,31474
205.637787447,328.460562891,102,264,31516
205.637787447,328.460562891,101,265,31559
205.637787447,328.460562891,100,266,31602
205.637787447,328.460562891,99,267,31644
205.637787447,328.460562891,98,268,31685
205.637787447,328.460562891,97,269,31725
205.637787447,328.460562891,96,270,31766
205.637787447,328.460562891,95,271,31808
205.637787447,328.460562891,94,272,31851
205.637787447,328.460562891,93,273,31893
205.637787447,328.460562891,92,274,31935
205.637787447,328.456060128,91,275,31977
205.637787447,328.425217307,90,276,32020
205.637787447,328.397530839,89,277,32062
205.637787447,328.371085675,88,278,32107
205.637787447,328.343970803,87,279,32145
205.637787447,328.314280419,86,280,32183
205.637787447,328.280115091,85,281,32221
205.637787447,328.239582914,84,282,32259
205.637787447,328.190800672,83,283,32297
205.637787447,328.131894989,82,284,32335
205.637787447,328.06100347,81,285,32373
205.637787447,327.976275847,80,286,32411
205.657499695,327.87587511,79,287,32449
205.728223371,327.757978638,78,288,32487
205.849337698,327.620779312,77,289,32525
206.020174456,327.462486637,76,290,32563
206.240018377,327.281327836,75,291,32602
206.508107562,327.075548954,74,292,32644
206.823633928,326.843415935,73,293,32686
207.185743673,326.583215706,72,294,32728
207.59353777,326.293257237,71,295,32770
208.046072479,325.971872598,70,296,32812
208.459109935,325.696720919,70,295,32855
208.831447187,325.466223524,70,294,32897
209.161924474,325.2787741,70,293,32940
209.449425826,325.132739726,70,292,32984
209.692879632,325.026461914,70,291,33026
209.891259185,324.958257661,70,290,33069
210.043583212,324.926420516,70,289,33114
210.148916369,324.926420516,70,288,33157
210.206369725,324.926420516,70,287,33198
210.215101207,324.926420516,70,286,33242
210.215101207,324.926420516,70,285,33285
210.215101207,324.926420516,70,285,33325
210.215101207,324.926420516,70,285,33367
210.215101207,324.926420516,70,285,33405
210.215101207,324.926420516,70,285,33443
210.215101207,324.926420516,70,285,33481
210.215101207,324.926420516,70,285,33519
210.215101207,324.926420516,70,285,33557
210.215101207,324.926420516,70,285,33595
210.215101207,324.926420516,70,285,33633
210.229333664,324.926420516,69,286,33671
210.298044909,324.926420516,68,287,33708
210.420647057,324.926420516,67,288,33746
210.59650353,324.926420516,66,289,33784
210.824929434,324.926420516,65,290,33822
211.105191957,324.906858607,64,291,33860
211.436510796,324.861597554,63,292,33898
211.818058608,324.788854407,62,293,33936
212.248961482,324.686867541,61,294,33974
212.728299434,324.553897733,60,295,34011
213.25510693,324.388229233,59,296,34053
213.82837343,324.188170821,58,297,34097
214.447043952,323.952056855,57,298,34140
215.110019665,323.678248302,56,299,34181
215.816158498,323.365133762,55,300,34224
216.564275777,323.011130471,54,301,34267
217.353144878,322.6146853,53,302,34307
218.181497907,322.17427573,52,303,34349
219.009850937,321.73386616,52,303,34391
219.838203967,321.293456591,52,303,34434
220.666556996,320.853047021,52,303,34477
221.494910026,320.412637451,52,303,34519
222.323263056,319.972227881,52,303,34561
223.151616085,319.531818312,52,303,34604
223.979969115,319.091408742,52,303,34644
224.808322144,318.650999172,52,303,34687
225.636675174,318.210589602,52,303,34730
226.465028204,317.770180033,52,303,34772
227.293381233,317.329770463,52,303,34815
228.121734263,316.889360893,52,303,34856
228.950087293,316.448951324,52,303,34895
229.778440322,316.008541754,52,303,34935
230.606793352,315.568132184,52,303,34978
231.435146382,315.127722614,52,303,35021
232.263499411,314.687313045,52,303,35061
233.091852441,314.246903475,52,303,35107
233.920205471,313.806493905,52,303,35151
234.7485585,313.366084335,52,303,35189
235.57691153,312.925674766,52,303,35227
236.40526456,312.485265196,52,303,35265
237.233617589,312.044855626,52,303,35303
238.061970619,311.604446056,52,303,35341
238.890323649,311.164036487,52,303,35381
239.718676678,310.723626917,52,303,35419
240.547029708,310.283217347,52,303,35456
241.375382738,309.842807778,52,303,35494
242.203735767,309.402398208,52,303,35532
243.032088797,308.961988638,52,303,35570
243.860441827,308.521579068,52,303,35608
244.688794856,308.081169499,52,303,35646
245.517147886,307.640759929,52,303,35684
246.345500915,307.200350359,52,303,35722
247.173853945,306.759940789,52,303,35760
248.002206975,306.31953122,52,303,35798
248.830560004,305.87912165,52,303,35836
249.658913034,305.43871208,52,303,35874
250.487266064,304.99830251,52,303,35912
251.315619093,304.557892941,52,303,35950
252.143972123,304.117483371,52,303,35988
252.972325153,303.677073801,52,303,36026
253.800678182,303.236664232,52,303,36064
254.629031212,302.796254662,52,303,36102
255.457384242,302.355845092,52,303,36140
256.285737271,301.915435522,52,303,36181
257.114090301,301.475025953,52,303,36221
257.942443331,301.034616383,52,303,36262
258.77079636,300.594206813,52,303,36304
259.59914939,300.153797243,52,303,36347
260.42750242,299.713387674,52,303,36386
261.255855449,299.272978104,52,303,36430
262.084208479,298.832568534,52,303,36472
262.912561509,298.392158964,52,303,36513
263.740914538,297.951749395,52,303,36563
264.569267568,297.511339825,52,303,36604
265.397620598,297.070930255,52,303,36646
266.225973627,296.630520685,52,303,36687
267.054326657,296.190111116,52,303,36729
267.882679686,295.749701546,52,303,36771
268.711032716,295.309291976,52,303,36813
269.539385746,294.868882407,52,303,36853
270.367738775,294.428472837,52,303,36893
271.196091805,293.988063267,52,303,36936
272.024444835,293.547653697,52,303,36978
272.852797864,293.107244128,52,303,37020
273.681150894,292.666834558,52,303,37062
274.509503924,292.226424988,52,303,37104
275.337856953,291.786015418,52,303,37146
276.166209983,291.345605849,52,303,37191
276.994563013,290.905196279,52,303,37229
277.822916042,290.464786709,52,303,37267
278.651269072,290.024377139,52,303,37305
279.479622102,289.58396757,52,303,37343
280.307975131,289.143558,52,303,37381
281.136328161,288.70314843,52,303,37419
281.964681191,288.262738861,52,303,37457
282.79303422,287.822329291,52,303,37496
283.62138725,287.381919721,52,303,37537
284.44974028,286.941510151,52,303,37579
285.278093309,286.501100582,52,303,37620
286.106446339,286.060691012,52,303,37662
286.934799369,285.620281442,52,303,37706
287.763152398,285.179871872,52,303,37749
288.591505428,284.739462303,52,303,37791
289.419858457,284.299052733,52,303,37833
290.248211487,283.858643163,52,303,37875
291.076564517,283.418233593,52,303,37918
291.904917546,282.977824024,52,303,37961
292.733270576,282.537414454,52,303,38003
293.561623606,282.097004884,52,303,38044
294.389976635,281.656595315,52,303,38086
295.218329665,281.216185745,52,303,38128
296.046682695,280.775776175,52,303,38171
296.875035724,280.335366605,52,303,38217
297.703388754,279.894957036,52,303,38258
298.531741784,279.454547466,52,303,38302
299.360094813,279.014137896,52,303,38344
300.188447843,278.573728326,52,303,38385
301.016800873,278.133318757,52,303,38427
301.845153902,277.692909187,52,303,38469
302.673506932,277.252499617,52,303,38512
303.501859962,276.812090047,52,303,38560
304.330212991,276.371680478,52,303,38602
305.158566021,275.931270908,52,303,38642
305.986919051,275.490861338,52,303,38684
306.81527208,275.050451769,52,303,38723
307.64362511,274.610042199,52,303,38764
308.47197814,274.169632629,52,303,38805
309.300331169,273.729223059,52,303,38850
310.128684199,273.28881349,52,303,38892
310.957037228,272.84840392,52,303,38933
311.785390258,272.40799435,52,303,38976
312.613743288,271.96758478,52,303,39017
313.442096317,271.527175211,52,303,39059
314.270449347,271.086765641,52,303,39100
315.098802377,270.646356071,52,303,39143
315.927155406,270.205946501,52,303,39185
316.755508436,269.765536932,52,303,39230
317.583861466,269.325127362,52,303,39268
318.412214495,268.884717792,52,303,39306
319.240567525,268.444308222,52,303,39344
320.068920555,268.003898653,52,303,39382
320.897273584,267.563489083,52,303,39420
321.725626614,267.123079513,52,303,39458
322.553979644,266.682669944,52,303,39496
323.382332673,266.242260374,52,303,39533
324.210685703,265.801850804,52,303,39576
325.039038733,265.361441234,52,303,39613
325.867391762,264.921031665,52,303,39651
326.695744792,264.480622095,52,303,39694
327.524097822,264.040212525,52,303,39735
328.352450851,263.599802955,52,303,39777
329.180803881,263.159393386,52,303,39820
330.009156911,262.718983816,52,303,39863
330.83750994,262.278574246,52,303,39906
331.66586297,261.838164676,52,303,39948
332.494215999,261.397755107,52,303,39987
333.322569029,260.957345537,52,303,40028
334.150922059,260.516935967,52,303,40071
334.979275088,260.076526398,52,303,40114
335.807628118,259.636116828,52,303,40156
336.635981148,259.195707258,52,303,40198
337.464334177,258.755297688,52,303,40243
338.292687207,258.314888119,52,303,40281
339.121040237,257.874478549,52,303,40318
339.949393266,257.434068979,52,303,40356
340.777746296,256.993659409,52,303,40394
341.606099326,256.55324984,52,303,40432
342.434452355,256.11284027,52,303,40470
343.262805385,255.6724307,52,303,40508
344.091158415,255.23202113,52,303,40546
344.919511444,254.791611561,52,303,40584
345.747864474,254.351201991,52,303,40622
346.576217504,253.910792421,52,303,40665
347.404570533,253.470382852,52,303,40707
348.232923563,253.029973282,52,303,40749
349.061276593,252.589563712,52,303,40792
349.889629622,252.149154142,52,303,40832
350.717982652,251.708744573,52,303,40875
351.546335682,251.268335003,52,303,40915
352.374688711,250.827925433,52,303,40957
353.203041741,250.387515863,52,303,40997
354.03139477,249.947106294,52,303,41040
354.8597478,249.506696724,52,303,41082
355.68810083,249.066287154,52,303,41124
356.516453859,248.625877584,52,303,41166
357.344806889,248.185468015,52,303,41208
358.173159919,247.745058445,52,303,41250
359.001512948,247.304648875,52,303,41291
359.829865978,246.864239306,52,303,41331
360.658219008,246.423829736,52,303,41374
361.486572037,245.983420166,52,303,41416
362.314925067,245.543010596,52,303,41458
363.143278097,245.102601027,52,303,41500
363.971631126,244.662191457,52,303,41543
364.799984156,244.221781887,52,303,41589
365.628337186,243.781372317,52,303,41631
366.456690215,243.340962748,52,303,41672
367.285043245,242.900553178,52,303,41712
368.113396275,242.460143608,52,303,41754
368.941749304,242.019734038,52,303,41796
369.770102334,241.579324469,52,303,41838
370.598455364,241.138914899,52,303,41882
371.426808393,240.698505329,52,303,41926
372.255161423,240.258095759,52,303,41966
373.083514453,239.81768619,52,303,42008
373.911867482,239.37727662,52,303,42050
374.740220512,238.93686705,52,303,42094
375.568573541,238.496457481,52,303,42136
376.396926571,238.056047911,52,303,42180
377.225279601,237.615638341,52,303,42226
378.05363263,237.175228771,52,303,42264
378.88198566,236.734819202,52,303,42302
379.71033869,236.294409632,52,303,42340
380.538691719,235.854000062,52,303,42378
381.367044749,235.413590492,52,303,42416
382.195397779,234.973180923,52,303,42454
383.023750808,234.532771353,52,303,42492
383.852103838,234.092361783,52,303,42530
384.680456868,233.651952213,52,303,42570
385.508809897,233.211542644,52,303,42611
386.337162927,232.771133074,52,303,42652
387.165515957,232.330723504,52,303,42696
387.993868986,231.890313935,52,303,42737
388.822222016,231.449904365,52,303,42780
389.650575046,231.009494795,52,303,42822
390.478928075,230.569085225,52,303,42863
391.307281105,230.128675656,52,303,42905
392.135634135,229.688266086,52,303,42946
392.963987164,229.247856516,52,303,42988
393.792340194,228.807446946,52,303,43031
394.620693224,228.367037377,52,303,43074
395.449046253,227.926627807,52,303,43116
396.277399283,227.486218237,52,303,43159
397.105752312,227.045808667,52,303,43201
397.934105342,226.605399098,52,303,43243
398.762458372,226.164989528,52,303,43290
399.590811401,225.724579958,52,303,43331
400.419164431,225.284170389,52,303,43374
401.247517461,224.843760819,52,303,43417
402.07587049,224.403351249,52,303,43459
402.90422352,223.962941679,52,303,43500
403.73257655,223.52253211,52,303,43545
404.560929579,223.08212254,52,303,43585
405.389282609,222.64171297,52,303,43627
406.217635639,222.2013034,52,303,43668
407.045988668,221.760893831,52,303,43713
407.874341698,221.320484261,52,303,43755
408.702694728,220.880074691,52,303,43796
409.531047757,220.439665121,52,303,43835
410.359400787,219.999255552,52,303,43877
411.187753817,219.558845982,52,303,43919
412.016106846,219.118436412,52,303,43960
412.844459876,218.678026842,52,303,44001
413.672812906,218.237617273,52,303,44044
414.501165935,217.797207703,52,303,44086
415.329518965,217.356798133,52,303,44130
416.157871995,216.916388564,52,303,44172
416.986225024,216.475978994,52,303,44214
417.814578054,216.035569424,52,303,44258
418.642931083,215.595159854,52,303,44304
419.471284113,215.154750285,52,303,44345
420.299637143,214.714340715,52,303,44386
421.127990172,214.273931145,52,303,44428
421.956343202,213.833521575,52,303,44472
422.784696232,213.393112006,52,303,44514
423.613049261,212.952702436,52,303,44558
424.441402291,212.512292866,52,303,44601
425.269755321,212.071883296,52,303,44643
426.09810835,211.631473727,52,303,44684
426.92646138,211.191064157,52,303,44726
427.75481441,210.750654587,52,303,44767
428.583167439,210.310245018,52,303,44809
429.411520469,209.869835448,52,303,44852
430.239873499,209.429425878,52,303,44893
431.068226528,208.989016308,52,303,44936
431.896579558,208.548606739,52,303,44979
432.724932588,208.108197169,52,303,45022
433.553285617,207.667787599,52,303,45063
434.381638647,207.227378029,52,303,45103
435.209991677,206.78696846,52,303,45143
436.038344706,206.34655889,52,303,45185
436.866697736,205.90614932,52,303,45228
437.695050766,205.46573975,52,303,45270
438.523403795,205.025330181,52,303,45314
439.351756825,204.584920611,52,303,45357
440.180109854,204.144511041,52,303,45398
441.008462884,203.704101472,52,303,45439
441.836815914,203.263691902,52,303,45482
442.665168943,202.823282332,52,303,45524
443.493521973,202.382872762,52,303,45567
444.321875003,201.942463193,52,303,45608
445.150228032,201.502053623,52,303,45649
445.978581062,201.061644053,52,303,45690
446.806934092,200.621234483,52,303,45733
447.635287121,200.180824914,52,303,45775
448.463640151,199.740415344,52,303,45817
449.291993181,199.300005774,52,303,45861
450.12034621,198.859596204,52,303,45904
450.94869924,198.419186635,52,303,45950
451.77705227,197.978777065,52,303,45993
452.605405299,197.538367495,52,303,46034
453.433758329,197.097957926,52,303,46076
454.262111359,196.657548356,52,303,46117
455.090464388,196.217138786,52,303,46159
455.918817418,195.776729216,52,303,46203
456.747170448,195.336319647,52,303,46245
457.575523477,194.895910077,52,303,46288
458.403876507,194.455500507,52,303,46335
459.232229537,194.015090937,52,303,46373
460.060582566,193.574681368,52,303,46411
460.888935596,193.134271798,52,303,46449
461.717288625,192.693862228,52,303,46487
462.545641655,192.253452658,52,303,46524
463.373994685,191.813043089,52,303,46562
464.202347714,191.372633519,52,303,46600
465.030700744,190.932223949,52,303,46638
465.859053774,190.491814379,52,303,46676
466.687406803,190.05140481,52,303,46714
467.515759833,189.61099524,52,303,46752
468.344112863,189.17058567,52,303,46790
469.172465892,188.730176101,52,303,46828
470.000818922,188.289766531,52,303,46866
470.829171952,187.849356961,52,303,46904
471.657524981,187.408947391,52,303,46942
472.485878011,186.968537822,52,303,46980
473.314231041,186.528128252,52,303,47017
474.14258407,186.087718682,52,303,47055
474.9709371,185.647309112,52,303,47093
475.79929013,185.206899543,52,303,47131
476.627643159,184.766489973,52,303,47169
477.455996189,184.326080403,52,303,47207
478.284349219,183.885670833,52,303,47245
479.112702248,183.445261264,52,303,47283
479.941055278,183.004851694,52,303,47321
480.769408308,182.564442124,52,303,47359
481.597761337,182.124032555,52,303,47397
482.426114367,181.683622985,52,303,47435
483.254467396,181.243213415,52,303,47473
484.082820426,180.802803845,52,303,47511
484.911173456,180.362394276,52,303,47553
485.739526485,179.921984706,52,303,47600
486.567879515,179.481575136,52,303,47639
487.396232545,179.041165566,52,303,47680
488.224585574,178.600755997,52,303,47721
489.052938604,178.160346427,52,303,47763
489.881291634,177.719936857,52,303,47806
490.709644663,177.279527287,52,303,47849
491.537997693,176.839117718,52,303,47892
492.366350723,176.398708148,52,303,47935
493.194703752,175.958298578,52,303,47977
494.023056782,175.517889009,52,303,48019
494.851409812,175.077479439,52,303,48059
495.679762841,174.637069869,52,303,48105
496.508115871,174.196660299,52,303,48147
497.336468901,173.75625073,52,303,48190
498.16482193,173.31584116,52,303,48233
498.99317496,172.87543159,52,303,48275
499.82152799,172.43502202,52,303,48317
500.649881019,171.994612451,52,303,48362
501.478234049,171.554202881,52,303,48407
502.306587079,171.113793311,52,303,48450
503.134940108,170.673383741,52,303,48493
503.963293138,170.232974172,52,303,48533
504.791646167,169.792564602,52,303,48575
505.619999197,169.352155032,52,303,48617
506.448352227,168.911745463,52,303,48663
507.276705256,168.471335893,52,303,48705
508.105058286,168.030926323,52,303,48747
508.933411316,167.590516753,52,303,48788
509.761764345,167.150107184,52,303,48831
510.590117375,166.709697614,52,303,48876
511.418470405,166.269288044,52,303,48915
512.246823434,165.828878474,52,303,48954
513.075176464,165.388468905,52,303,48996
513.903529494,164.948059335,52,303,49037
514.731882523,164.507649765,52,303,49079
515.560235553,164.067240195,52,303,49122
516.388588583,163.626830626,52,303,49166
517.216941612,163.186421056,52,303,49208
518.045294642,162.746011486,52,303,49251
518.873647672,162.305601916,52,303,49292
519.702000701,161.865192347,52,303,49337
520.530353731,161.424782777,52,303,49375
521.358706761,160.984373207,52,303,49413
522.18705979,160.543963638,52,303,49451
523.01541282,160.103554068,52,303,49489
523.84376585,159.663144498,52,303,49527
524.672118879,159.222734928,52,303,49565
525.500471909,158.782325359,52,303,49603
526.328824938,158.341915789,52,303,49641
527.157177968,157.901506219,52,303,49683
527.985530998,157.461096649,52,303,49725
528.813884027,157.02068708,52,303,49768
529.642237057,156.58027751,52,303,49811
530.470590087,156.13986794,52,303,49855
531.298943116,155.69945837,52,303,49898
532.127296146,155.259048801,52,303,49939
532.955649176,154.818639231,52,303,49983
533.784002205,154.378229661,52,303,50023
534.612355235,153.937820092,52,303,50065
535.440708265,153.497410522,52,303,50109
536.269061294,153.057000952,52,303,50153
537.097414324,152.616591382,52,303,50192
537.925767354,152.176181813,52,303,50232
538.754120383,151.735772243,52,303,50274
539.582473413,151.295362673,52,303,50317
540.410826443,150.854953103,52,303,50361
541.239179472,150.414543534,52,303,50399
542.067532502,149.974133964,52,303,50437
542.895885532,149.533724394,52,303,50475
543.724238561,149.093314824,52,303,50513
544.552591591,148.652905255,52,303,50551
545.380944621,148.212495685,52,303,50588
546.20929765,147.772086115,52,303,50626
547.03765068,147.331676546,52,303,50664
547.866003709,146.891266976,52,303,50702
548.694356739,146.450857406,52,303,50740
549.522709769,146.010447836,52,303,50778
550.351062798,145.570038267,52,303,50816
551.179415828,145.129628697,52,303,50854
552.007768858,144.689219127,52,303,50892
552.836121887,144.248809557,52,303,50930
553.664474917,143.808399988,52,303,50968
554.492827947,143.367990418,52,303,51005
555.321180976,142.927580848,52,303,51043
556.149534006,142.487171278,52,303,51081
556.977887036,142.046761709,52,303,51119
557.806240065,141.606352139,52,303,51157
558.634593095,141.165942569,52,303,51195
559.462946125,140.725532999,52,303,51233
560.291299154,140.28512343,52,303,51271
561.119652184,139.84471386,52,303,51309
561.948005214,139.40430429,52,303,51347
562.776358243,138.963894721,52,303,51385
563.604711273,138.523485151,52,303,51423
564.433064303,138.083075581,52,303,51461
565.261417332,137.642666011,52,303,51499
566.089770362,137.202256442,52,303,51539
566.918123392,136.761846872,52,303,51583
567.746476421,136.321437302,52,303,51624
568.574829451,135.881027732,52,303,51666
569.40318248,135.440618163,52,303,51707
570.23153551,135.000208593,52,303,51747
571.05988854,134.559799023,52,303,51790
571.888241569,134.119389453,52,303,51832
572.716594599,133.678979884,52,303,51875
573.544947629,133.238570314,52,303,51918
574.373300658,132.798160744,52,303,51959
575.201653688,132.357751175,52,303,52002
576.030006718,131.917341605,52,303,52045
576.858359747,131.476932035,52,303,52086
577.686712777,131.036522465,52,303,52130
578.515065807,130.596112896,52,303,52171
579.343418836,130.155703326,52,303,52213
580.171771866,129.715293756,52,303,52256
581.000124896,129.274884186,52,303,52297
581.828477925,128.834474617,52,303,52341
582.656830955,128.394065047,52,303,52384
583.485183985,127.953655477,52,303,52429
584.313537014,127.513245907,52,303,52469
585.141890044,127.072836338,52,303,52512
585.970243074,126.632426768,52,303,52554
586.798596103,126.192017198,52,303,52597
587.626949133,125.751607629,52,303,52639
588.455302163,125.311198059,52,303,52681
589.283655192,124.870788489,52,303,52723
590.112008222,124.430378919,52,303,52762
590.940361251,123.98996935,52,303,52803
591.768714281,123.54955978,52,303,52846
592.597067311,123.10915021,52,303,52888
593.42542034,122.66874064,52,303,52931
594.25377337,122.228331071,52,303,52973
595.0821264,121.787921501,52,303,53014
595.910479429,121.347511931,52,303,53056
596.738832459,120.907102361,52,303,53097
597.567185489,120.466692792,52,303,53139
598.395538518,120.026283222,52,303,53182
599.223891548,119.585873652,52,303,53222
600.052244578,119.145464083,52,303,53265
600.880597607,118.705054513,52,303,53306
601.708950637,118.264644943,52,303,53348
602.537303667,117.824235373,52,303,53392
603.365656696,117.383825804,52,303,53430
604.194009726,116.943416234,52,303,53468
605.022362756,116.503006664,52,303,53506
605.850715785,116.062597094,52,303,53544
606.679068815,115.622187525,52,303,53581
607.507421845,115.181777955,52,303,53619
608.335774874,114.741368385,52,303,53657
609.164127904,114.300958815,52,303,53695
609.992480934,113.860549246,52,303,53733
610.820833963,113.420139676,52,303,53771
611.649186993,112.979730106,52,303,53809
612.477540022,112.539320536,52,303,53847
613.305893052,112.098910967,52,303,53885
614.134246082,111.658501397,52,303,53923
614.962599111,111.218091827,52,303,53961
615.790952141,110.777682258,52,303,53999
616.619305171,110.337272688,52,303,54037
617.4476582,109.896863118,52,303,54077
618.27601123,109.456453548,52,303,54119
619.10436426,109.016043979,52,303,54162
619.932717289,108.575634409,52,303,54205
620.761070319,108.135224839,52,303,54247
621.589423349,107.694815269,52,303,54288
622.417776378,107.2544057,52,303,54329
623.246129408,106.81399613,52,303,54372
624.074482438,106.37358656,52,303,54417
624.902835467,105.93317699,52,303,54460
625.731188497,105.492767421,52,303,54502
626.559541527,105.052357851,52,303,54546
627.387894556,104.611948281,52,303,54589
628.216247586,104.171538712,52,303,54631
629.044600616,103.731129142,52,303,54675
629.872953645,103.290719572,52,303,54716
630.701306675,102.850310002,52,303,54757
631.529659705,102.409900433,52,303,54798
632.358012734,101.969490863,52,303,54840
633.186365764,101.529081293,52,303,54885
634.014718793,101.088671723,52,303,54925
634.843071823,100.648262154,52,303,54967
635.671424853,100.207852584,52,303,55009
636.499777882,99.7674430142,52,303,55052
637.328130912,99.3270334445,52,303,55095
638.156483942,98.8866238747,52,303,55136
638.984836971,98.446214305,52,303,55178
639.813190001,98.0058047353,52,303,55221
640.641543031,97.5653951655,52,303,55264
641.46989606,97.1249855958,52,303,55304
642.29824909,96.684576026,52,303,55346
643.12660212,96.2441664563,52,303,55390
643.954955149,95.8037568866,52,303,55433
644.783308179,95.3633473168,52,303,55476
645.611661209,94.9229377471,52,303,55518
646.440014238,94.4825281774,52,303,55563
647.268367268,94.0421186076,52,303,55605
648.096720298,93.6017090379,52,303,55646
648.925073327,93.1612994682,52,303,55689
649.753426357,92.7208898984,52,303,55731
650.581779387,92.2804803287,52,303,55774
651.410132416,91.840070759,52,303,55816
652.238485446,91.3996611892,52,303,55857
653.066838476,90.9592516195,52,303,55899
653.895191505,90.5188420498,52,303,55939
654.723544535,90.07843248,52,303,55981
655.551897564,89.6380229103,52,303,56025
656.380250594,89.1976133406,52,303,56068
657.208603624,88.7572037708,52,303,56110
658.036956653,88.3167942011,52,303,56152
658.865309683,87.8763846314,52,303,56196
659.693662713,87.4359750616,52,303,56239
660.522015742,86.9955654919,52,303,56282
661.350368772,86.5551559222,52,303,56324
662.178721802,86.1147463524,52,303,56366
663.007074831,85.6743367827,52,303,56409
663.835427861,85.233927213,52,303,56455
664.663780891,84.7935176432,52,303,56496
665.49213392,84.3531080735,52,303,56539
666.32048695,83.9126985038,52,303,56578
667.14883998,83.472288934,52,303,56619
667.977193009,83.0318793643,52,303,56661
668.805546039,82.5914697945,52,303,56702
669.633899069,82.1510602248,52,303,56744
670.462252098,81.7106506551,52,303,56787
671.290605128,81.2702410853,52,303,56830
672.118958158,80.8298315156,52,303,56872
672.947311187,80.3894219459,52,303,56914
673.775664217,79.9490123761,52,303,56956
674.604017247,79.5086028064,52,303,56997
675.432370276,79.0681932367,52,303,57040
676.260723306,78.6277836669,52,303,57082
677.089076335,78.1873740972,52,303,57126
677.917429365,77.7469645275,52,303,57167
678.745782395,77.3065549577,52,303,57210
679.574135424,76.866145388,52,303,57252
680.402488454,76.4257358183,52,303,57295
681.230841484,75.9853262485,52,303,57338
682.059194513,75.5449166788,52,303,57379
682.887547543,75.1045071091,52,303,57423
683.715900573,74.6640975393,52,303,57469
684.544253602,74.2236879696,52,303,57507
685.372606632,73.7832783999,52,303,57545
686.200959662,73.3428688301,52,303,57583
687.029312691,72.9024592604,52,303,57621
687.857665721,72.4620496907,52,303,57659
688.686018751,72.0216401209,52,303,57697
689.51437178,71.5812305512,52,303,57735
690.34272481,71.1408209815,52,303,57773
691.17107784,70.7004114117,52,303,57810
691.999430869,70.260001842,52,303,57848
692.827783899,69.8195922722,52,303,57886
693.656136929,69.3791827025,52,303,57924
694.484489958,68.9387731328,52,303,57962
695.312842988,68.498363563,52,303,58001
696.141196018,68.0579539933,52,303,58039
696.969549047,67.6175444236,52,303,58077
697.797902077,67.1771348538,52,303,58115
698.626255106,66.7367252841,52,303,58153
699.454608136,66.2963157144,52,303,58191
700.282961166,65.8559061446,52,303,58229
701.111314195,65.4154965749,52,303,58267
701.939667225,64.9750870052,52,303,58305
702.768020255,64.5346774354,52,303,58343
703.596373284,64.0942678657,52,303,58544
